940728222446247936
940728045597544449
940718133429518336
940714414763802624
940713010347364354
940709269577617408
940708539269386240
940708400073203713
940708221924372480
940708202089349121
940702827420139520
940701559465431041
940695608888881152
940688751549992960
940686068109623296
940685226904379394
940685226661089281
940684431710392321
940680818447355904
940679741660688384
940679579433422848
940679273274396672
940677513629589507
940677316086083584
940676336665931776
940676276725211137
940674500135354370
940673996877717505
940670754433183748
940667773100929025
940666106980773889
940661105273159680
940657395457511424
940656936785195008
940652773267460103
940652489581490178
940651669448200192
940650104251404288
940649716815196160
940649591627804678
940647416893771776
940646622056337409
940645073519132672
940644399909916674
940643728594673666
940643447249055744
940640394873851905
940637422563610624
940636106101612545
940635532131995648
940635247267536896
940635054690226177
940634980996104192
940634689567641600
940634631602360320
940634038959820801
940632395660738560
940628477694435328
940627882660978688
940626149645963264
940622601646411777
940622145708634112
940621470295666688
940621094964420608
940619861604077568
940618187921555456
940616308886032384
940616200370999296
940615867552935942
940614777361059841
940614259087511553
940614043135631360
940609479040696320
940607659060973568
940606851619721218
940604941332303874
940604065309847552
940603336839057408
940603076968247296
940602699963301888
940602133552009216
940601122091339776
940601000662061056
940599220465274884
940593216738471936
940593115194363906
940591642083553282
940588782621024262
940588046273138689
940585320462143488
940583829147922432
940582714289344513
940580735886520320
940580243663880192
940578549345472513
940577331483152389
940574372246491136
940572988746891265
940572058118914048
940571896248139777
940571483193118721
940571372341813252
940569569231597568
940568632635088896
940567346875371520
940566969673289729
940563959459000321
940563372097048576
940562747997282307
940562303770091520
940560092071677954
940559767692627968
940558384566292485
940558144425603072
940557331724517376
940556961019547648
940556437696135168
940555582318235648
940552366344032258
940548040061886466
940547160495611904
940542006648102914
940540338883702784
940539816873283595
940539225581211649
940538324749602816
940537855222435840
940536966457806851
940536962024460288
940534321793896448
940531065021698049
940530140563599360
940528671160524801
940527697675120640
940518800553857024
940511453479440385
940511080354328576
940508454552088577
940505193631944704
940498392731365376
940493439136808960
940489868383260672
940487941956292608
940487676938960897
940487418871984129
940481835439497218
940479755593269248
940479236917334016
940479085855121408
940477908308635648
940474488814231552
940474378365448192
940470427360542721
940469784990269440
940466361020665856
940458347983187968
940455810215399424
940452402594848768
940449993277693952
940447361188466688
940447133840404481
940446763227398144
940444488509554689
940443272878555136
940442156564713473
940442140919808000
940441472771481602
940441215148969985
940440625064873984
940440110608261120
940437412567797760
940435551320145920
940435538519187457
940435403701710848
940435372064018432
940435370780618752
940432974293676032
940432845734141952
940431627586621442
940431585295454209
940431105370488833
940430854987194368
940429718104559616
940429282538598400
940428949510934528
940428584748974080
940428495490048000
940428446789918720
940428178228695040
940426989273604096
940426757999681544
940425330174676992
940425225350545408
940424875096858624
940424469054742528
940423907558825984
940423704437248000
940423324584341504
940423124528615426
940423065841872896
940423049702232064
940423039832985600
940420256211730432
940419823321976832
940418519463813120
940418489180975104
940417820436975616
940417257397768192
940416754865582086
940416713262219264
940416382495330306
940416074729828353
940415298418692096
940414824483258368
940414627770400773
940414223179493376
940414221669584896
940414220004478977
940414172369752065
940414123015368705
940413618406985733
940413323559890944
940413306627641344
940412999659081728
940412753302491136
940412078090682368
940411470336143360
940411007486300161
940410343288741888
940410321394716674
940410065491775488
940410036484038656
940409982893412353
940409914433900544
940409139645374464
940408917141491712
940408490945892355
940408385308151808
940407724222885889
940406276122710016
940405848655798273
940405655990603777
940405535266037760
940405379820765185
940405065629741056
940404904501313536
940404890429526018
940404737026994178
940404575374323712
940404316673675269
940403973453778944
940403838774857728
940403768004313089
940403469428641793
940403423295541248
940403268571709441
940403216231161856
940402808246980609
940402644513906688
940402642270019588
940401516124532736
940401284028432386
940401211869663237
940400776609923073
940399881910407168
940399136234442752
940399101220442113
940398990998335488
940398862333890561
940398812194934784
940398467586887680
940397731956133888
940397475940139008
940397311187963905
940397200198328320
940397063967297537
940396540908265472
940395821266214912
940395302187667456
940395213054496768
940395024101060609
940393980784766976
940393668778840064
940392888894189569
940392867561902081
940392739719573505
940391980781125637
940391883725049856
940391534435938304
940391387501072384
940390911195975681
940390502926553089
940389729622810625
940389705455144961
940389568418865157
940389264663117824
940389104117866497
940388502734241792
940388430697115653
940388011275104256
940387914021818368
940387487834431488
940387469966548993
940387196238028800
940387194493161473
940386365002407936
940385716843847680
940384789059776512
940384707602198529
940384455692349441
940383532878389248
940383259468410881
940383259350978560
940382652426805248
940382585292840960
940382370380775426
940381542202925056
940381437257281536
940381408413003777
940381084126236672
940380971693682689
940380900117942273
940380468087844865
940380417286397952
940380299501981698
940380255382056960
940379820759928832
940379684939874304
940379108105531392
940378957987360770
940378301901819904
940378278162063361
940377889635291136
940377510088462337
940376587807154176
940376525383393280
940376519892983808
940376308583927809
940375830760513539
940375503973654529
940375244639997952
940375144584724480
940374976321921024
940374864573157376
940374601045041152
940374274308739072
940374020834201602
940373409636200449
940373288391532546
940373280325816321
940372700245168129
940372097469054978
940371536036245504
940371500158332928
940371124973719553
940370956714954752
940370732659376129
940370611305623553
940370373358604288
940369598351679489
940369427094212609
940368839266787328
940368828357337089
940368531585191936
940368527558619136
940368453025722368
940368215045214208
940368029183021056
940367310933647361
940367175608610816
940367101260333056
940367101142978560
940367061599051787
940367039251795969
940366991239520256
940366789892100096
940366634945937408
940366132023873536
940365948640514048
940365926876307463
940365924988841984
940365601687486464
940365487728398336
940365407478829057
940365306144403460
940364896348332032
940364820439846912
940364379048038408
940364279836020738
940363999706787840
940363080160002050
940362890523086848
940362889638146048
940362448569294848
940362232831016962
940362059073708032
940361766332231680
940361568167981056
940361507380125697
940361134393253889
940360829454704640
940360793459011584
940360273314983937
940360014333661184
940359916249911299
940358955343245312
940358844785491973
940358000996487169
940357729021038593
940357462091329537
940357416742420481
940357252464173061
940357008267661312
940357008179556352
940356991729496064
940356611381583872
940356477751054336
940356418343002113
940356301019901953
940355830930661377
940355742560866305
940355621853032449
940354935648112641
940354725144272896
940353766645256193
940353620528078848
940353496465002498
940353416714387458
940353036546990085
940352939847225350
940352747253174272
940352428112785412
940352168154058752
940351141178757120
940350813473517568
940350762080665600
940350708297105408
940350189751107584
940349693279608832
940349687885893632
940349421685964800
940348844625326080
940348521533894657
940348208538144768
940348169359151104
940348135158796290
940348116661923840
940348058759397376
940347863749615616
940347441471262733
940347112730058752
940346803094016000
940346761281003520
940346698844356608
940346675255828480
940346622885683200
940346520683122689
940346100548071424
940345969111117826
940345943488163842
940345801326432256
940345751028273152
940345394655121409
940345250811322371
940345206490009600
940345083274067968
940345025459875840
940344881716891648
940344864146903040
940344382833745920
940344091795181568
940344060283322368
940343798877511680
940343588977827840
940343517213163520
940343448569286656
940343414285066240
940343258810421248
940343210496483338
940343057354035200
940343047312814080
940342898708664322
940342844597899265
940342791007334401
940342675441627136
940342630063509504
940342599071752193
940342581304598528
940342563235614722
940342407257821184
940342080689377281
940341760542347266
940341475979792384
940341409772695552
940341137839132677
940341074362617856
940341035770707969
940340930296631297
940340857059860480
940340758414024704
940340486035918853
940340308184838144
940340072003571712
940339844797960192
940339727336660992
940339367507386370
940339019514130432
940338905903222784
940338893991186432
940338108113055744
940337045268033536
940337007104061440
940336815847772160
940336798806528000
940336711879491585
940336660214157313
940336527963492353
940336498351763456
940336205429989376
940335872205082624
940335094186770433
940334136312713216
940333365575774209
940333165192843264
940333015632351235
940332887609667590
940332887123120133
940332558109298689
940332523632160768
940331824965996545
940331610515410944
940331559781064704
940331244637884416
940330920128729088
940330250432630784
940330187895558144
940330024116342787
940329729512546304
940329557898522626
940329546217414657
940328724389605377
940328388304166912
940328278275117056
940328212562890752
940328144573054976
940328141112926208
940328132581699584
940328124310605824
940328016017788929
940327944630755329
940327869259030528
940327786857742336
940327422427361283
940327325828124672
940327217929826305
940327122463227906
940327079689773056
940326579447762944
940326299394035712
940326070548647939
940325655526420480
940325600170053633
940325580628623360
940325421194862592
940325267628855302
940325248116953089
940324758956232704
940324298174156803
940324216360128513
940323925984251905
940323529022730242
940323462295556096
940323315352264705
940323269722374144
940322934505295872
940322711909294080
940322544489517062
940322422099656705
940322069631455232
940322023695413248
940321304837681152
940321288748400640
940321262005403648
940321063514361856
940320973961625600
940320544498515968
940320449648455680
940319678416736256
940319414494281728
940319407720599552
940319235670265857
940318961408802822
940318915581767680
940318630423785472
940318585611739137
940318503860604928
940318224905842689
940317616475959296
940317438029185024
940317380013518848
940317316956467202
940316851510370304
940316782702841858
940316478737453056
940316287481327617
940316257659867138
940316195382689792
940316025756835841
940316002906198016
940315880726020096
940315619358134273
940315327572742144
940315312251113473
940315097469157376
940315072215339010
940315027768213504
940314486120042496
940314417979428864
940314365911322624
940314323913547776
940314065112576000
940313922460033025
940313811000709120
940313549074604032
940313527876833280
940313305654083584
940313295520534528
940313091517984768
940312656535207936
940312538608054273
940312243169845248
940312069361897472
940311438513623041
940311397631750144
940311343630028800
940311134388867073
940310315702673409
940309312924250113
940308830499622912
940308821817397250
940308805518286850
940308606716665856
940308264012664832
940308103605641216
940307787539779584
940307571331624960
940307068317327361
940306325661200384
940306285139959808
940306002930520064
940305496786968576
940305415115558913
940304808627527680
940304295295111169
940304115883741184
940303933129375744
940303460267786240
940303439279431680
940303307305762816
940303126803906561
940302581246713858
940302427139596288
940301850271608832
940301592560930816
940301283553976320
940301278927839232
940301261684998145
940300551543316480
940300427714629632
940300197405626370
940300126924476421
940299669480947712
940299502489145344
940299096690012160
940298983372550145
940298486897143809
940298030321979392
940297870162272256
940297669339172865
940297532885884928
940296966654910464
940296941518368769
940296927807246336
940296811255869441
940296445118308353
940296429553070080
940296410913820672
940296348754153472
940296233268203520
940296142318862342
940296131572940800
940295988706623489
940295963784220674
940295941504069633
940295507208962048
940295495452278790
940295040659701761
940294703764815872
940294419588288514
940294145075183622
940293922076745729
940293712856342528
940293451987419136
940293103784689665
940292888734457857
940292590817116160
940292560160948224
940292038989402112
940291576894341120
940291490001117192
940291435852595201
940291327664652288
940291262120321024
940290970993774593
940290550879617024
940290264358440960
940290228371296256
940289827425185792
940289389350895616
940289169032540160
940289127609716736
940288914715131904
940288769206444035
940288158838558720
940288148663287808
940288036033744896
940287985676881920
940287313057378305
940286609265713154
940286248169517056
940285970984914944
940285641597874177
940285212163948544
940284998271229953
940284947503255554
940284825231134720
940284561614831616
940284547580665856
940284244416348161
940284175608934400
940284141383192578
940283688859860992
940283289675366401
940283271258279936
940283264199139328
940282924934496256
940282860770078720
940282730142715904
940282318798733312
940281602373849088
940281442159824898
940281149917577216
940280993293803520
940280727458938881
940280173588512768
940279943161942016
940279890401746945
940279753214324737
940279520820711424
940279369699876864
940279278322749441
940279207208333313
940278749584601088
940278303675617281
940278214290759680
940277329871323136
940277262884229122
940277242067685378
940277199390863360
940276766102441985
940276735165259776
940276687702495232
940276584673574912
940276253436907520
940275969528446976
940275915195584512
940275812456128512
940275783289004032
940275753014448129
940275596818616321
940275534717693958
940275529634197505
940275402026647552
940275394950737922
940275226293817345
940275097557979136
940274772587499522
940274755394994176
940274577183313920
940274313348952064
940274106381070337
940273710191214592
940272646511611905
940272627725283329
940272591477936128
940272314972884992
940271091054006273
940270850028081152
940270582452629505
940270369197486080
940270050422022144
940269926253600768
940269919467425792
940269542642798593
940269451211149313
940269443531313157
940269437189545985
940269301239390209
940269023903801345
940268556570243073
940267010906361856
940265431461519362
940263877815627777
940263685972402183
940263680876298242
940263624207081472
940263187861196800
940262443644723200
940262322731438081
940262081294725125
940261074321985536
940260504148119553
940260406886588416
940260059099095040
940259372168462337
940259331370618880
940259160532205568
940258931242184704
940258735846510592
940258645052452864
940258275970486272
940258211051069440
940258159180083200
940258138594402304
940257983484882946
940257938878451719
940257686444052481
940257624565698561
940257561323982849
940257364372008960
940257288014782466
940257246403026944
940256957662887937
940256935043092482
940256717316730883
940256644151369729
940256552887369730
940256463171309568
940256206333075458
940256011037888512
940255615607128064
940255612310605824
940255584972132352
940255404369633281
940255215235641344
940255081588514821
940254986125983745
940254551529148420
940254304723783681
940254299258609666
940254278702321664
940254053493280769
940253771099262979
940253685430587393
940253631177281536
940253375970627585
940253238678388741
940253061200695296
940252886365335553
940252884779667456
940252804714610688
940252722804035584
940252616537276417
940252599198109698
940252589907726337
940252453966106625
940252448308056064
940252407107264512
940252132237889538
940252033109475329
940251897360994305
940251758399385601
940251755882872833
940251732646313984
940251645451079682
940251403569778688
940251375933493250
940251290101100544
940250980456656898
940250968448557056
940250627527061505
940250360773410816
940250352879796230
940250125296979970
940249983550394373
940249920509845505
940249850850852865
940249599045804032
940249593509498882
940249432368353280
940249408427479041
940249306283610113
940249229565595648
940248968629538816
940248940250775552
940248821354950656
940248794410700800
940248595017629697
940248212828491776
940248176258404353
940248071434358785
940247956665507840
940247890122829824
940247434210480128
940247406016307200
940247318284193799
940247158602784768
940247142530248704
940247042840059904
940246700446363650
940246634423754752
940246612722425857
940246483797868546
940246478777397249
940246154154999815
940246102833377285
940245820934361088
940245692458590208
940245676557942784
940245518218944512
940245516226400256
940245387268390913
940245279902654464
940245049295671296
940244601683824641
940244495282638848
940244446377119745
940244304215396352
940244156127072257
940244023796789250
940243985435574272
940243895987838977
940243767755280386
940243563857809408
940243232373510144
940243157064781824
940243083958083585
940242894987735042
940242667077738497
940242566095753217
940242555425427457
940242550245302273
940242489658761217
940242432637194241
940242274696413184
940242235022610432
940242188167991296
940242148192120833
940241436187926528
940241091810529280
940240771218800641
940240636871172096
940240528955854848
940240515374747649
940240434105786369
940240081150992385
940239880399048705
940239773503053824
940239570209312769
940239102603153408
940238908637437952
940238838168989696
940238664793231360
940238559180492801
940238106837499904
940237393709420545
940237385991884801
940237236867686400
940236318000537600
940236279740067841
940234806348189698
940234595223592960
940234232215072769
940234185184129024
940233882024185858
940233832405635072
940233631473291265
940233609461620737
940233560438575109
940233532097683456
940233474526666753
940233428276056064
940233287548768256
940233185975324675
940233158628388864
940233044555911168
940233026893746177
940232869989027845
940232731266551808
940232702242033664
940232666196082688
940232609753391109
940232376055205889
940232316970065920
940231996898463745
940231787753738241
940231754421624832
940231716756697089
940231547181043712
940231439035052032
940230829497823233
940230169381490693
940230061428441088
940229997566021637
940229791369834498
940229540500201472
940228083751309316
940227857707618310
940227218390900737
940227037326987264
940227011385143296
940225700262481920
940225374356672512
940224847040405504
940223086783287296
940222732465160192
940222717793579008
940222537224552448
940222359042166785
940218165702696961
940217818632654848
940217040970899456
940216591853277184
940216304937529344
940213838330208256
940212313205899264
940211526862082048
940211458410868736
940711932008517633
940701559465431041
940689821172822016
940684431710392321
940681071397687297
940675434651435008
940673905919901696
940670754433183748
940670371388448769
940660092768346113
940657578320723968
940648911085203456
940646622056337409
940643728594673666
940640394873851905
940634631602360320
940630848147255296
940630430298066944
940629472176459776
940627307705847808
940624131896299520
940622346892832768
940622309039230977
940620843108806657
940619492446625792
940617897675812864
940614043135631360
940613360869085185
940613269840113664
940607929035653123
940607903110696960
940604035622686723
940604035572338688
940603076968247296
940600075339911169
940596528984489985
940595086282444800
940588046273138689
940581307234516992
940581268768677888
940574372246491136
940565932509974528
940563372097048576
940559767692627968
940558327293018113
940555145313734657
940554515350253570
940549715044814849
940540585084993536
940539816873283595
940537912223027200
940519583370432512
940514710432206849
940506407702372352
940494202806394880
940489868383260672
940487941956292608
940487418871984129
940478041133912065
940477627294470145
940471202937700352
940470427360542721
940470165556416512
940470070442119168
940461950013661185
940453883100332033
940451052058537984
940447361188466688
940443111246794752
940442321732202497
940438911083573248
940432218568122369
940428178228695040
940427534247833600
940426242494423041
940425002477850624
940424396686135296
940423039832985600
940422254931972096
940421544915767296
940417463832936448
940416382495330306
940416331211448320
940413323559890944
940412877302792196
940404584094212096
940400776609923073
940398846399647744
940397063967297537
940395609533636612
940395024101060609
940393980784766976
940393867781857280
940391883725049856
940385716843847680
940384474671525889
940378395921305601
940378278162063361
940378082887852032
940375062175207428
940373280325816321
940372097469054978
940368999648546816
940366570496364545
940366082174521344
940365875860795392
940363261467414529
940362892502884353
940357895606145026
940357139327062016
940357110436478976
940356830756245504
940355561777975297
940355310434230272
940354272671227904
940351810837020673
940351810300235776
940351321328308225
940350389358092288
940348135158796290
940347307836391425
940346106180984832
940346007753318400
940345969111117826
940344070404280322
940343414285066240
940342717644603392
940342510563467264
940340561999028225
940337913711149057
940336815847772160
940336527963492353
940336342822735872
940334037046001664
940332910053351425
940331610515410944
940331244637884416
940331219589484547
940331098952912897
940330484915093505
940329782973169666
940328388304166912
940328322977943553
940328212562890752
940328061756731393
940327680238653440
940327645996187648
940326688025608192
940326628995092481
940325574358257664
940325267628855302
940324627871617026
940324120184602624
940324091126411264
940323269722374144
940321109194477571
940320905502314498
940319837963870208
940318716755001344
940317956529147904
940317724873580546
940317602928316417
940317602446020608
940317598670995456
940317387420602368
940317220122525697
940317136676941824
940316446005125120
940315097469157376
940315032289730560
940314281496760320
940313690468892672
940313527876833280
940312554286567424
940312143026569218
940311997832245248
940311660283150336
940311397631750144
940311347908300800
940311003446702080
940310352448778240
940309841100369922
940309645582888965
940309160041861120
940309087551549440
940308276251643904
940307787539779584
940307363227082752
940307023932960768
940306868861390855
940306244283387907
940306175660138496
940305616597270528
940305457398370305
940305293430333447
940305078115762177
940304821164433408
940304414220447746
940303510343598080
940303307305762816
940303091999629316
940302582957989889
940302186533277696
940301558436286464
940301484713037825
940301254672179200
940301187613646850
940300764844560384
940300641150357504
940300547592253442
940300441539227648
940300401227784195
940300191470678016
940298983372550145
940298168188665856
940298109317472256
940297365994594309
940297080018481153
940296568518868992
940296368899244032
940295964564303872
940295941504069633
940295643481956352
940294087823052800
940293451987419136
940292438421274624
940291920542216193
940291409592008704
940290133496037376
940289930122555392
940289635632189440
940287988277407756
940287799173009411
940287607698804737
940287224582508546
940287212737794048
940287131875868672
940286609265713154
940286025380790272
940284808793554951
940284382832680961
940283506642563072
940283472672849920
940283337251401728
940283204967321600
940282033301049344
940281103994228736
940281095593119745
940281050093236224
940280967910035456
940280628267945984
940279742934208512
940279689242988546
940278303675617281
940277680288780288
940277470800044034
940277233712861184
940276459842818054
940275753014448129
940275596818616321
940275534717693958
940275298997882882
940275257096667138
940274965449977856
940274755394994176
940274318843318272
940274118456496128
940274114027311106
940274018896236544
940273814474067968
940273779208531968
940273713500565504
940273462639316993
940273209005527041
940271537831149569
940271256888213504
940270887131004928
940270663981441024
940270398737977344
940270325425692672
940270163122950144
940270152498712576
940269939872731138
940269165545263104
940269096947634176
940269023903801345
940268688061685765
940268613168254977
940268494473650176
940268494448463873
940268487691374592
940268329792626695
940268037344845825
940267884651139075
940267678262063105
940267670427054080
940266799068786688
940266618231418880
940266419069095937
940266031448231937
940265818390171650
940265504987602954
940265420937887745
940265234593452032
940265154985545728
940264854329454592
940264367265861632
940264229868883974
940263973659774977
940262944767729664
940262725304844289
940262261406519296
940262094120849408
940262090694189056
940261980191055872
940261968597999616
940261729069649921
940261501616652288
940260646372986881
940260621437808643
940260597295452161
940260232491565063
940260057203298304
940259850113748992
940259703136882689
940259533078884352
940259493887266816
940259357337452544
940259107310841856
940258623627907072
940258153802772480
940257459603570688
940255833031692295
940253766380609537
940253510653931521
940252796212989953
940252200315604998
940252016424751104
940251516144889856
940250958222712834
940250732153966592
940250362593861632
940249983550394373
940249758395977728
940249372092223488
940249042352787457
940248422128504832
940248071434358785
940248063821733888
940247754022023173
940247632412336128
940247354351013891
940247083906420737
940246979174481920
940246973390651392
940246646725791744
940246613968281600
940246472049807361
940246347437002752
940246302780162048
940246202083405824
940245261317820416
940245184025104385
940245034976325632
940244574399811586
940244156127072257
940244019703140352
940243580039389186
940243547218997248
940243373411184640
940243105307090944
940243051292909569
940243045194268672
940242903045148672
940242230438236161
940242188914642944
940242115396866049
940242060753465345
940241999831105537
940241617314861056
940241581105348609
940240749932830720
940240660124147712
940240367785570304
940240223715319808
940239980907171840
940239916511977472
940239678283816961
940239537598590982
940239494565056514
940239462537289731
940239246530613250
940239150829178880
940238961435439106
940238863653629952
940238664793231360
940238609721982977
940238553979785216
940238530609123333
940238317689495554
940238055880867845
940238013807972352
940237976071757825
940237639583719426
940237492812500992
940237434775920641
940237319113789440
940237144106430465
940237114280726529
940237021695696896
940236841109852160
940236834818396160
940236766858002438
940236713066188807
940236481871966209
940236324774268928
940236081445916672
940236074365923328
940235476358774785
940235323115737089
940235294984503296
940235232292364288
940235182581350400
940235112305905664
940235034677665792
940234576458403840
940234549929398272
940234537803698176
940234376264200193
940234349416460288
940234294999515136
940234231145484288
940234229803376640
940234036806668288
940233861044170753
940233741179543552
940233681662283781
940233677518311425
940233660481114112
940233593498099712
940233585893634049
940233532097683456
940233468105183232
940233465664036864
940233328455757824
940233287548768256
940233276064755713
940233240480231424
940233190291230722
940233186138664960
940233136960655360
940233131059269632
940233116865695746
940233044555911168
940232849298460673
940232847163609088
940232800720031744
940232743673368576
940232636424798208
940232609753391109
940232526571896833
940232505264889856
940232407449587714
940232302549979136
940232156361777152
940232134169710592
940232067291471877
940231972475097088
940231926098616320
940231905466777600
940231883534856192
940231842250285057
940231787753738241
940231787464273920
940231779117563904
940231754421624832
940231553380225026
940231532454797313
940231522099126274
940231478327332864
940231414292807680
940231397364699137
940231266779181056
940231233832935424
940231147145097218
940231134327255040
940231118439305217
940231024025337856
940230803602190337
940230769896812544
940230705774252032
940230657053265920
940230624161533953
940230588635713538
940230551595831303
940230514593746945
940230471438487552
940230470331240448
940230469928542208
940230440165703680
940230424495886336
940230399820816385
940230379260309504
940230283323936768
940230281587580930
940230063370498050
940230041484582913
940229916276137984
940229907258531840
940229877793525761
940229839440830464
940229788853252096
940229722868293632
940229519729979397
940229454202331136
940229439815905282
940229412192178176
940229354851840000
940229249960726528
940229197716447233
940229092955377664
940228959874273281
940228888357203969
940228840131088385
940228827275497472
940228788696252416
940228726956154880
940228711923765248
940228675949117440
940228364304109568
940228360621477888
940228281164582913
940227857707618310
940227771996897282
940227728816697345
940227431201431552
940227346581336064
940227320450654209
940227169506283520
940227110953783296
940226882603241472
940226792249614338
940226678361608192
940226659042648065
940226426766352385
940225943037267968
940225935088996353
940225437770440704
940225428131737600
940225367331270657
940225332740870145
940225324851351553
940225093774528512
940225046500511745
940224843298963457
940224812349345794
940224479862644737
940224272626343937
940224265881661448
940224084444680192
940223949291520000
940223846396973057
940223819108806657
940223610123423744
940223491642658821
940223382569803778
940223308733337600
940223228529856512
940223109520609286
940223059750944768
940223005699072000
940222871200288768
940222406471442434
940222359042166785
940222308098236416
940222109841702917
940221955013308416
940221814168580096
940221655120601088
940221639903637505
940221497284624384
940221474450919424
940221463818330114
940221332863758336
940221313729417216
940221216656363522
940221068526129154
940220910224547843
940220813738901504
940220587376627712
940220552249266177
940220309759696897
940220132294582273
940220129648013312
940220021439172609
940219974546845696
940219923346984960
940219642831917056
940219591212576768
940219505854251008
940219442365165573
940219398769598464
940219393681879040
940219320566677505
940219072045813760
940218967817322498
940218802926751744
940218541990653953
940218420741705729
940218393923334146
940218308049203200
940218277258846211
940217958659510272
940217901675630592
940217890611056640
940217860319834112
940217849259462656
940217823980290048
940217746524078080
940217562230640640
940217453631737856
940217431208931329
940217382244626433
940217349667545088
940217311046389760
940217291551203329
940217207488835584
940217187226308608
940217149662158849
940217092984406019
940217073300590593
940217054715678725
940216998314807297
940216926814527488
940216864000696325
940216838818091009
940216433211998208
940216285555806209
940216224667054081
940216138625110017
940215948417687552
940215884513243136
940215788358782976
940215785443745792
940215567423889409
940215390717792280
940215379732942848
940215240268111872
940215067462774784
940215039776182273
940215024693346305
940214712834379776
940214675538698241
940214637752184833
940214357887258624
940214177661984770
940214139523387392
940212870549209088
940212415567925249
940211861655564288
940211290076786688
940210788509323264
940210129126993921
940209987531534336
940209460500484096
940209381337157632
940209043796348929
940209012351619072
940207818732396544
940207249397571584
940206701973819392
940206675507777542
940205604559314944
940205422840987649
940205000004915200
940204637038284800
940204450555269121
940204355894071296
940204322486476800
940203907590033408
940724924704088064
940722603085443072
940719646885535746
940717309760606208
940716730464260096
940710250784739329
940709120939880449
940707762903900160
940695824996200449
940692890522710020
940692388904882176
940690202858868736
940689022279548928
940685982495625216
940679242911830017
940678964787531776
940676007589183488
940669625133686784
940669085695856641
940668358034370561
940667214008606720
940663839808516096
940662539352006657
940662282299871233
940661355635408898
940650020185010178
940647771568312320
940638623250243584
940638241144868872
940636933188923392
940634993507827713
940632416997298177
940631185595740163
940628708347580416
940625014151372800
940623896147001346
940623509281300480
940622028746264576
940618861203869704
940616532564041729
940611397406294017
940610734785937408
940609652642938882
940606216442609664
940605723070943235
940603476979146752
940602582959042561
940598921822461954
940598551679291392
940597778929008641
940594054496169984
940592532098027520
940588937776631808
940587909127852033
940582669108350977
940580900844208128
940580735886520320
940579306887139329
940578560699437056
940578549345472513
940577331483152389
940570964869505026
940567440865595392
940564321700020224
940562913600917506
940559075431116800
940558300416004096
940556192312627200
940555571861901312
940552961842929665
940550990943739905
940549615132299264
940545667210104833
940543570800529408
940543022504333312
940541557060636674
940540526964740101
940539857893580801
940539251535568897
940533995217047554
940533835162320896
940533012919455745
940519400607830016
940516114215440384
940513049022226432
940509335515553792
940497577912528896
940488116644794368
940487472328335360
940471195048267776
940468037626597376
940451052058537984
940449266631356416
940446945784541184
940446259772567552
940443272878555136
940441067098275841
940440446404358144
940439617743986688
940439275690188800
940437858271182848
940435831583641600
940435346176860160
940433068518715397
940432520516194304
940428446789918720
940425225350545408
940425064813617154
940425002477850624
940424875096858624
940424690367193088
940421326573105155
940414665326129154
940414223179493376
940411064193355777
940410394656563200
940410251895037952
940407745941032960
940405641448845313
940404394176204800
940403973453778944
940403715118333953
940403216231161856
940402162827497472
940398854788255745
940398605915115521
940396349828358146
940395445213425665
940395075095449600
940394963694706688
940394603911548929
940393719496413187
940392820921290757
940392739719573505
940388544442445824
940388494836424710
940388413924143104
940388411311120384
940388359024861184
940387555094224897
940386487882919936
940386193509842944
940386004862685184
940385897698164736
940382757871501312
940381701234098177
940381577523159040
940379535866032128
940379058399055874
940377849021820933
940377280462934016
940377079207677952
940376313742884864
940374462167384065
940373896292978689
940373506671501312
940373400249348098
940372285541830656
940372172400398336
940371801355554816
940370732659376129
940370484335652864
940369322005975041
940368999648546816
940368453025722368
940367872475435008
940366991239520256
940366974332350465
940365266663497728
940363961308012545
940363052456775682
940360859817332736
940358319323021313
940357683097595904
940356830756245504
940356682709954561
940356418343002113
940356416807866370
940354377910505472
940354369760956417
940353549120053249
940353340004798464
940352825841934339
940352090840403968
940351861525229569
940351820836364290
940350823527219201
940350612612485120
940348083023392768
940348061863350272
940347023919927297
940345566042710017
940345524049367047
940345083274067968
940345036952219648
940344858396516352
940344707502297093
940344102213881856
940343882038038533
940342943801626624
940342939494076417
940342665903857667
940342524232822784
940342141020237824
940341186740609025
940341151017701386
940340172985643008
940340073152757760
940339775046868992
940337380497563648
940337253385109504
940336322274668544
940334966625521666
940334739139022851
940334510595624961
940334295889203201
940334284312907777
940332322582384647
940331893010124800
940331752211566592
940331627380723713
940330780278091776
940330354241613824
940330304379674624
940329782973169666
940329480681410561
940328610166202368
940327446372593664
940327299500642306
940326905869426688
940326636729270277
940326438951153666
940326326224896001
940326302858571777
940326252317151233
940326106581929984
940325658248601600
940324627871617026
940324120184602624
940323809588121600
940323463562170368
940323220577759233
940323032236781569
940322901563269125
940322593864847361
940322544489517062
940322307129708544
940322114070081537
940321700494938113
940321452338823169
940321369161641991
940320338197573633
940320241975988225
940320096840450048
940319407720599552
940319277973774336
940317924241428480
940317889948803073
940317787679023105
940317523186036736
940316952337121280
940316222947766273
940316101212360704
940315372900814849
940315327572742144
940315311168937984
940315173360988161
940315034294673409
940315008889532417
940314165155115009
940313900234563585
940313690468892672
940312819651641344
940312357074546691
940311047306731520
940310830440103936
940310587288023045
940310494157705216
940309990539251718
940309716265328640
940309585923067904
940308715755966465
940308713297952768
940308213127417866
940307977600471040
940307930112503808
940307614772035584
940307576700522499
940306821411168256
940306606130020352
940306229410324480
940305853202214913
940305842359894016
940305273205526528
940304848909668352
940304735021740034
940304259802976256
940303569399382018
940303207607291904
940302204132515840
940301929279836160
940301765366484992
940301713927319552
940301695204184066
940301187613646850
940301129556135936
940300919924670464
940300817432588288
940300803314716672
940300748956618752
940300653020270593
940300547592253442
940300510699044864
940300114358390784
940300082821455879
940299949316759552
940299666012430336
940299484831145985
940299375615664130
940299274750918656
940299136116641793
940299021926756352
940298477745061888
940298477031919617
940298312913227778
940297542528577538
940297535964491776
940297315830718465
940297240530206720
940297087190790144
940297054361980928
940296480925126659
940296368899244032
940295933979496449
940295557901377536
940294780067688448
940294702192087042
940294698387812352
940294592506757120
940294145075183622
940294026862972929
940293981338066944
940293395930669056
940292787559391233
940292630231048193
940292560160948224
940292263237836800
940292224843206658
940291478458429440
940291435852595201
940291166754422784
940290624724533248
940289798152929280
940289495097802752
940289074887299072
940289047007760385
940288999847063552
940288783513157632
940288769206444035
940288369707319296
940288306876596224
940288287893319681
940288236739538945
940288124143448070
940288009680932864
940287945654669312
940287912633163778
940287577969524741
940287348515975168
940287181947535360
940287049764167683
940286958009495552
940286937277050880
940286930067042304
940286831677059072
940286622683287553
940286609265713154
940286162329128960
940285972402655232
940285751627042818
940285714662600706
940285690629316609
940285513776418816
940284829425389569
940284712760893440
940284629180874754
940284515095924737
940284502013771776
940284367561265160
940284210052558848
940284107388588032
940284004531499008
940283969618227200
940283752756011009
940283679913512962
940283444076122114
940283171068895232
940282918869585920
940282536969764864
940282367951896587
940282254399627265
940282248691093506
940282180407844864
940282137818861568
940281877667176449
940281689313566720
940281256608223232
940281205483802624
940281167995170817
940280936796708867
940280912285175808
940280900142665728
940280807293198337
940280763693531136
940280727458938881
940280589604872193
940280576770281472
940280184334422016
940280131855138817
940280032974471170
940280029103230977
940280024774606854
940279753214324737
940279403447291905
940279108675633152
940278749584601088
940278644345360384
940278585276928000
940278334885416960
940278214290759680
940278148863840257
940278125056819201
940278051442774017
940277718989574150
940277534373154816
940277062090108928
940276983275163651
940276920599695360
940276759446151168
940276493736906752
940276322722570240
940276280716681217
940276185140989952
940275949651808256
940275820442025984
940275682353074177
940275608919117829
940275176687751168
940275073650479116
940274986266386432
940274777276772353
940274772587499522
940274750693171205
940274674520469506
940274468575948800
940274428100915202
940274054338027520
940273894560235521
940273873970434048
940273525037903872
940273251342864387
940273142148358144
940273131826106368
940273100993818626
940272982219546624
940272916729597952
940272859741605889
940272820558364672
940272703264755713
940272665872478209
940272638215278592
940272617763885057
940272602764980225
940272413882888192
940272145992577024
940272110135578627
940272041739083776
940272038660501504
940271595150508032
940271588049428480
940271316988547073
940271214622330880
940271048867622912
940270867317215232
940270850028081152
940270604221067264
940270500458221570
940270443881222144
940270366345265152
940270236732882944
940270200049500160
940270165979222017
940270143590010883
940269979441745921
940269466260295680
940269426393407488
940269226912296960
940269152958369794
940268988302610432
940268922649108481
940268676871282688
940268645657317377
940268601994547200
940268554212880384
940268492338577409
940268425322074113
940268370355683328
940268309035044865
940268270170632194
940268192387289088
940268137316003841
940267822835527680
940267709920628738
940267616622477313
940267493171400704
940267469272440832
940267324761956352
940267028979609600
940266861874294785
940266827573350400
940266749118898177
940266521238044672
940266515466776576
940265822001483776
940265784252751874
940265612344950784
940265504987602954
940265442387439616
940265107849908224
940265062786146304
940265001276887041
940264967139454977
940264779834429440
940264726134775808
940264691783356416
940264627786649600
940264503173963777
940264429647728641
940264393606037505
940264375180562433
940264284008968192
940264198524809216
940264051061510144
940263557131898887
940263536667840512
940263393965101056
940263282119766017
940263139735691264
940263027265490947
940263011322880001
940262999687823361
940262869240832000
940262776936779777
940262755847823360
940262634955444224
940262381908889600
940262320097214464
940262256020992002
940262150873825280
940261852210253824
940261616779694081
940261535162798080
940261518263930880
940261413674680320
940261340043759616
940261274604261383
940261228538159105
940261198423035904
940261122728439808
940261104827162624
940260935758999552
940260889764286465
940260567297789952
940260346966589440
940260283628621826
940260232491565063
940260103370018816
940260068171411459
940259903196794882
940259444230901760
940259398563311616
940259357337452544
940259227641069568
940259107310841856
940259013006151680
940258920559411202
940258608171794433
940258484284743681
940258418530635776
940258167619014656
940257938878451719
940257900093693952
940257779389992960
940257686444052481
940257632492969984
940257307258011648
940257276019073024
940257210696904704
940257137946742785
940256809398554625
940256750493732864
940256207314587654
940256188259762176
940256057225596931
940256045804457984
940255887582810112
940255805408006145
940255792074289152
940255616685178882
940255554156539904
940255436841857024
940255325093023744
940254974877061121
940254948540825600
940254728587419648
940254447661408259
940254398722088960
940254079066034177
940254029455671297
940253888925523973
940253766380609537
940253647610568705
940253446929870848
940253401576861697
940253231896317952
940253061670428674
940252876525506560
940252802080821248
940252795508346882
940252754743889921
940252537344724992
940252431530766336
940252315805765633
940252229243736064
940251845070553088
940251731606327296
940251726396907520
940251645451079682
940251639314894849
940251452777250817
940251321999024129
940251069304725504
940251046949113859
940251014640181248
940250857412747265
940250840513859584
940250760905936896
940250678106222595
940250434052214784
940250316720738306
940250136915177472
940249984770945025
940249779900223488
940249703362564096
940249631929389057
940249455328194560
940249445865803776
940249370032791554
940249327146033152
940249267767267328
940249266773221376
940248984525864960
940248761472901120
940248732280475648
940248414822035456
940248392147619840
940248255308451840
940248201956921345
940248186102444033
940248117043187712
940248110193954817
940248108247715840
940248063821733888
940247922020581376
940247782455234560
940247782446845952
940247782337728512
940247693120720897
940247570776965120
940247570689019904
940247557283950592
940247275993001986
940247160494477313
940247133885788161
940247129188073472
940247092521467905
940247061391294464
940247008681570304
940247002964774912
940246936044662785
940246853077098496
940246793362821120
940246720226758656
940246572842942466
940246172144422912
940246063398744064
940246026186829824
940245983186817031
940245794975870976
940245756098826240
940245679053647872
940245669125722115
940245667217313792
940245660804186124
940245540239036416
940245526653652993
940245466188537856
940245447263731712
940245314983751680
940245184641630208
940244997449961472
940244976788819968
940244951526408192
940244838523555840
940244834023026689
940244650874540032
940244456695005192
940244431709655042
940244402563371009
940244390869721088
940244365942943744
940244304215396352
940244191975747584
940244134010544128
940244102658084864
940244043371565056
940243871560273920
940243871283531776
940243686046257152
940243604412526594
940243551211937792
940243344051097600
940243301399220224
940243259841953792
940243252485255170
940243096150953984
940242977556967425
940242850670837762
940242837110644736
940242819549155329
940242794622353408
940242742805798912
940242733129764864
940242627743637504
940242580813598720
940242557027614720
940242550245302273
940242486512975872
940242399183491072
940242378518081536
940242371354251264
940242336046551045
940242301548421122
940242218903834624
940242190911057921
940242174167453697
940242117116522496
940241989383077888
940241872248852480
940241745073397760
940241710562594822
940241585815670784
940241563929796608
940241547592962053
940241508325830656
940241426989817856
940241116888104960
940241052157562880
940240976865644545
940240915628789760
940240852131164160
940240786590969856
940240712343474176
940240629824552966
940240586547843072
940240513973833729
940240510408589312
940240392984977409
940240375012319232
940240200239861760
940240013761052672
940240001094299649
940239869338685441
940239704275943424
940239487132688384
940239428399915008
940239381444661248
940239328143446016
940239284782751748
940239254210449408
940239250049716224
940239231041134592
940239150829178880
940239137461989376
940239068444708864
940239061536657409
940239036546916352
940238923049160705
940238658002739202
940238609721982977
940238604055580672
940238538762805249
940238530609123333
940238492407418880
940238477010063361
940238426447650817
940238316796088320
940238278682226688
940238115041619968
940237950586986496
940237945595887617
940237895952228352
940237852373286912
940237800036880395
940237794353582081
940237738762260481
940237712048738305
940237662098739200
940237572462252032
940237566372171776
940237530884132864
940237521077882880
940237496260030465
940237492812500992
940237434775920641
940237392883089409
940237355306196993
940237288642109441
940236998572412928
940236966825807873
940236867382972416
940236862991552513
940236835351121920
940236816191574016
940236802916605952
940236802245394432
940236797799555073
940236707840000001
940236664257040385
940236328897097728
940236292121604096
940236230167617536
940236225457393665
940236219090382848
940236136424837126
940236100878118914
940236020884365317
940236018208325632
940236012072128513
940235881620951040
940235785407787010
940235776578777088
940235733113094146
940235724372303874
940235706533806081
940235692382277634
940235650686742529
940235581510049792
940235464421896193
940235385451446272
940235299363414018
940235194531024897
940235134149607424
940235077702778880
940235049450065920
940235037991194624
940235027949817859
940234984882917376
940234968445456384
940234952251183105
940234949772312586
940234936551911424
940234927047573505
940234748382797824
940234704099467264
940234663339216898
940234640262156288
940234636944437249
940234583114764289
940234423575957504
940234310258479104
940234288611565568
940234251265626112
940234250732875777
940234203618308098
940234192851537921
940234126157758466
940233902962208768
940233859530096641
940233834636955650
940233833898807296
940233826529406976
940233804173717504
940233765770661890
940233719616540673
940233660481114112
940233656324509696
940233631527768064
940233532097683456
940233512443146240
940233506688512001
940233472173596678
940233427361640448
940233385259266049
940233328455757824
940233306163023872
940233238869667840
940233185975324675
940233108460150784
940233092144422912
940233090827542528
940233019985719296
940233018987380736
940233012263968768
940233002222747648
940232974674489344
940232971843338240
940232927471906816
940232867891896320
940232866646065152
940232865131966465
940232851278258176
940232849206185984
940232817342107648
940232734710095873
940232732956938240
940232714346795009
940232683069853697
940232659447398400
940232623951138816
940232590757388288
940232577545310208
940232559459491845
940232514987266048
940232486222573568
940232459907682309
940232407629910016
940232392819793926
940232350285357056
940232255385079809
940232231850831873
940232229757865985
940232200481640448
940232158630866944
940232145217507329
940232125101563904
940232115983142919
940232115710578689
940232114594897920
940232087361159168
940232075722067968
940232044810063873
940231957383872512
940231939646218240
940231883534856192
940231842975944709
940231779117563904
940231777548988419
940231745399599104
940231724784525312
940231547181043712
940231510589710336
940231500934582272
940231491728101376
940231395703705600
940231364170993665
940231328787726337
940231324945838080
940231314615046144
940231270860288001
940231251612590080
940231244809490439
940231241462362112
940231239914676225
940231169894944768
940231153218355202
940231134327255040
940231118632181762
940231118439305217
940231037459816448
940230946405715971
940230902642282496
940230875681312770
940230868743925761
940230805791625216
940230785424031745
940230784228757504
940230746949734400
940230721167380481
940230696282542080
940230688116236290
940230683821330432
940230662258339840
940230659049586689
940230652007460864
940230645199933440
940230624161533953
940230616334790656
940230580297523200
940230578254897152
940230549909549056
940230535925915648
940230501301964801
940230479600668673
940230473602781184
940230469085487105
940230455428898816
940230455059779586
940230453834940416
940230449913323522
940230427205390337
940230387556593664
940230352492290049
940230325493313537
940230319562743808
940230296124968960
940230243461210114
940230234993020928
940230208694648832
940230187727441920
940230175089922048
940230173953314818
940230161932353538
940230093020024833
940230092722180096
940230072325345280
940230047042097153
940230032676610049
940230022186590208
940230020504662018
940229987612921856
940229944021602304
940229928875896832
940229928783527936
940229923796594688
940229892406423552
940229888828723200
940229853374230535
940229844238991360
940229812681101312
940229738236223494
940229701917962240
940229616043687937
940229611530674177
940229604408774658
940229578731196417
940229573324820480
940229572938919939
940229554211303424
940229552361664512
940229532874706944
940229515833470977
940229432677105665
940229384845385728
940229372728012801
940229369544527872
940229354851840000
940229333226016768
940229266268147712
940229236509564929
940229193455063043
940229182491152384
940229168972877824
940229154682916867
940229139113660416
940229092376330241
940229062965985281
940228989691531264
940228959874273281
940228933026484224
940228932233723904
940228882548101120
940228859731087360
940228827275497472
940228806996119552
940228726956154880
940228585310257152
940228561155362817
940228556818386945
940228528351662080
940228478200352773
940228466397581314
940228415097131008
940228218006704129
940228207852314624
940228194958950400
940228169159921664
940228133135028225
940228115212599297
940228108292182016
940228019138060288
940228009864368130
940227986325897216
940227960241606656
940227793840898048
940227771996897282
940227738710949888
940227676538855424
940227639352193024
940227601733488640
940227589305548800
940227544930045953
940227542392467456
940227540924366848
940227469784821760
940227468769841152
940227431201431552
940227404945076225
940227402638286848
940227241581178880
940227205875032065
940227167996252162
940227163084742656
940227110953783296
940227040715866112
940227019958312960
940227011385143296
940226944578310144
940226924273483776
940226904442810369
940226894087315456
940226891381903360
940226883597111297
940226876324433920
940226839229984769
940226817792897024
940226787212226561
940226701186932736
940226681448685568
940226678361608192
940226492474068993
940226464519213056
940226344864006144
940226333317193728
940226295992082432
940226225464803328
940226224953192448
940226168225239040
940226162328002560
940226051833257984
940225960791638017
940225913110790144
940225894190338048
940225890511982594
940225887789821952
940225855086841856
940225792419815425
940225791492845568
940225742654369792
940225729064730627
940225684252872706
940225644427964421
940225583153328133
940225560357277697
940225516128305152
940225448390414336
940225444288319489
940225439003529218
940225438718267393
940225416895324160
940225401938370560
940225398557863936
940225352168767488
940225349744394245
940225349073416193
940225332086497282
940225298402107393
940225245872607232
940225213631008773
940225190910418945
940225171981520897
940225154566774791
940225135524671490
940225119254929409
940225067186868224
940224951021375488
940224939378008064
940224924983144449
940224882457051136
940224778878595072
940224748314857472
940224692358668291
940224679289282560
940224671651368961
940224671076835336
940224657927614465
940224640903012352
940224595709145088
940224565577502720
940224546392690688
940224520115417088
940224519645683712
940224449357537280
940224391849304064
940224376523362305
940224344181104640
940224329958215682
940224308256890881
940224293362962432
940224283208568832
940224261670699008
940224251994324994
940224220587577345
940224188887035905
940224173019947009
940224153193467904
940224140837113857
940224138060410881
940224126068781056
940224024071802880
940224019328110593
940223949291520000
940223948624662531
940223863375433733
940223857285320705
940223854642855937
940223843456598017
940223798799949824
940223789350170624
940223780609290240
940223760824709120
940223757943296000
940223699785003011
940223642478276608
940223573079281664
940223558646673408
940223549557673984
940223476446609410
940223465185071105
940223443211051008
940223413750259712
940223407567843328
940223308049600512
940223267054522368
940223262507769857
940223260280655872
940223254752518144
940223163316744193
940223137320505346
940223096501436417
940223076167507968
940223059750944768
940222985390223360
940222962430443521
940222944063688705
940222898446401536
940222888392699904
940222876422205440
940222858986475520
940222847426924545
940222824098291712
940222805957840898
940222798743646208
940222749972279296
940222726186430464
940222724517126144
940222689213546496
940222687271636992
940222673480830976
940222647497052160
940222639527878656
940222634767380480
940222560154914816
940222470665179137
940222452508086272
940222418764881920
940222355510562816
940222335931568128
940222305367666688
940222285578997760
940222267769966594
940222210937061376
940222201822875651
940222154246971392
940222109841702917
940222050320506881
940222022868766720
940221999183486976
940221955013308416
940221840089337856
940221825061044230
940221822427164673
940221776335794176
940221723005411328
940221667778932736
940221660887683074
940221655120601088
940221645477830657
940221613089443840
940221606588223489
940221497284624384
940221455605948416
940221449993904128
940221376409100288
940221354892197889
940221354195943424
940221242363215872
940221216228601856
940221181835317249
940221175212511234
940221151741067264
940221120602456064
940221114898362368
940221101367529472
940221025454903296
940221000863580160
940220986368167936
940220943762370562
940220940293722112
940220924804116480
940220875433041922
940220861390340098
940220854616625153
940220850241982471
940220838724427778
940220823830491136
940220816394018817
940220813596180480
940220723309744128
940220709816754176
940220707123982336
940220700689944576
940220678128599045
940220643081154560
940220626874306561
940220605869281281
940220516354404353
940220471907405824
940220450528952321
940220446913585152
940220437216231424
940220352940175361
940220342404046848
940220335898669056
940220312704122881
940220312674885632
940220312578416642
940220274653278208
940220267464310785
940220239761039360
940220216512008192
940220193485279233
940220192352800769
940220189303562241
940220107716005888
940220016259158016
940219995006685189
940219975587033089
940219947418079232
940219946600103939
940219935896342528
940219931932504065
940219915000336384
940219912185896960
940219862919417856
940219814823444481
940219765381042176
940219667393728512
940219645591719937
940219639572901888
940219575630749702
940219527337521152
940219495133696000
940219471855267840
940219460421668864
940219440486060032
940219413911015425
940219409435709445
940219398769598464
940219393681879040
940219388090900481
940219379639373824
940219368146948096
940219350199492610
940219302745174018
940219173225017344
940219145370722305
940219053372788737
940218990298836993
940218967817322498
940218921457737728
940218907318718465
940218878617059329
940218863018500097
940218841975738368
940218819162918912
940218785344172037
940218744470736896
940218727613771777
940218721720786945
940218689655361537
940218683770720256
940218667521933312
940218574102237185
940218569018822657
940218541990653953
940218538769428480
940218534864580608
940218476907716608
940218468166787073
940218456502304769
940218367998382081
940218349899968512
940218309907271680
940218280731701249
940218277258846211
940218274977124352
940218225157132296
940218216936296448
940218212402257920
940218182782144512
940218180437495809
940218172795482113
940218129640316928
940218129577398272
940218081497972736
940217983993044993
940217983733059584
940217964925800449
940217929114767361
940217911066669057
940217905639280640
940217901453332481
940217882813829120
940217860722446337
940217860319834112
940217780237979648
940217766325489664
940217766019186688
940217741063139328
940217736365527042
940217732594896897
940217717323390977
940217665137803274
940217630333526017
940217623425536001
940217622590885888
940217608305102848
940217597697691648
940217562230640640
940217528323846144
940217469863636993
940217451639341056
940217337923416064
940217313432915968
940217313256763392
940217296563376128
940217295279976448
940217235964137472
940217224857604096
940217221154033665
940217162484068353
940217123045105671
940217101247307777
940217095345733634
940217076488327168
940217075154419713
940217069857116161
940217067235610627
940217031936311296
940216998314807297
940216991171993600
940216983248830464
940216954916352000
940216947194695680
940216933215035392
940216900289748992
940216895214686209
940216884590465024
940216801203499010
940216766403399680
940216762070532096
940216755724652544
940216741770285057
940216685210030080
940216651865346054
940216614770765824
940216563281440768
940216522001272832
940216513029640192
940216446327709697
940216433211998208
940216396667129856
940216395119374336
940216344808775680
940216315012300802
940216311610781698
940216257118375937
940216240039133184
940216141057753089
940216133105389569
940216129905156096
940216075941302272
940216065040273408
940216020043694081
940215967640145921
940215963022184448
940215958353989634
940215936166039553
940215872668434432
940215864082694145
940215853928337408
940215827965542400
940215810727071744
940215783673729024
940215777151602688
940215776144973826
940215741558779904
940215691348766720
940215686277758976
940215653612564481
940215559953805313
940215547546832897
940215537644265473
940215537258434561
940215522729365504
940215499610312706
940215491448266753
940215461823811584
940215446044860417
940215390717792280
940215386452254720
940215378319421442
940215326939271168
940215297105186816
940215260585357312
940215236157681666
940215224585670656
940215185251405825
940215170772668417
940215139588034560
940215125956579328
940215116225761282
940215116204838912
940215116167032832
940215116146061312
940215116137730048
940215115336609793
940215087800963072
940215076413431808
940215037859434497
940215032348053504
940214985199898624
940214892707053569
940214891155161094
940214866887004160
940214853247135745
940214851523268608
940214833382936576
940214817306144768
940214802823204865
940214785731452928
940214728999231493
940214718446342144
940214716009451520
940214705615966208
940214695994232833
940214661433253888
940214655959683073
940214650456739840
940214638553325568
940214614066978816
940214608442331137
940214607435747328
940214585360924677
940214554868322304
940214503484133376
940214462195425283
940214456495345664
940214438468227072
940214422915747841
940214417509273601
940214416733114368
940214412031520769
940214401814147072
940214401055055872
940214392699965440
940214381077336064
940214328812294145
940214322151731200
940214293861224449
940214234369183746
940214222008520704
940214213972242432
940214196045778944
940214117381455872
940214070388625408
940213985596538881
940213972967608320
940213925085437952
940213902083809280
940213896752877571
940213856961474561
940213844865110016
940213824526929920
940213780562300928
940213764862939137
940213759066492928
940213733908996098
940213698227994626
940213668230385665
940213663713153029
940213646902333440
940213632138399746
940213629936373760
940213623552724992
940213612697833472
940213503578836992
940213498117808128
940213459316301824
940213365317791744
940213357264752642
940213258878939138
940213246900015104
940213226184298496
940213206676537345
940213017169530883
940212973137727489
940212972382760960
940212946243813377
940212923183624192
940212907706650624
940212902035935232
940212882217885701
940212869668507648
940212863859388416
940212854548058120
940212849766477824
940212813343215616
940212813217320960
940212745097678848
940212736419663872
940212708053483521
940212661651955712
940212605221818369
940212603338612737
940212566273482752
940212395120693248
940212295497641985
940212190610673665
940212163477737473
940212096620515328
940211977963614209
940211938709200896
940211887286996992
940211812192215045
940211788611801089
940211788423028737
940211749000753152
940211724095016961
940211686413180928
940211668486905859
940211576681979904
940211562463354881
940211514748915713
940211481123094528
940211473674113024
940211469995651074
940211469886648322
940211438932635649
940211436806115328
940211436587974661
940211428983787520
940211419160764416
940211411241889793
940211350239875072
940211301652905985
940211234024185856
940211233961201664
940211202717872128
940211107918204928
940211101706391553
940210969371906048
940210960656207872
940210949704900608
940210871174909952
940210868033335296
940210798214991872
940210778380128256
940210751322644481
940210730598584322
940210699107819520
940210648004296704
940210599014883329
940210591079239680
940210564176982016
940210530521886721
940210526877036544
940210516034838528
940210491233853440
940210237738573824
940210226225209344
940210169505550337
940210168691818496
940210147800035329
940210129126993921
940210098869293058
940210030133022730
940209909173510146
940209895697240064
940209880023142401
940209859479433216
940209738389663745
940209735336366080
940209660388429824
940209602968375296
940209592570703872
940209585692045313
940209581883609089
940209577894793216
940209513998835712
940209493073424385
940209475163705345
940209313083199488
940209224243662849
940209201514799104
940209163782598656
940209086028767232
940209039417360386
940209020551548933
940208970417008640
940208964788244480
940208859083403265
940208750178324480
940208737532432384
940208734462251008
940208734193836033
940208710827331584
940208690300358656
940208687628644352
940208684579348481
940208669131706368
940208639289282560
940208491121336321
940208479150755840
940208467989684225
940208438654709761
940208421160308736
940208419260297216
940208405549142016
940208376927211521
940208374507102208
940208276918210561
940208271780208645
940208270245007360
940208241849577472
940208232877969408
940208152162766849
940208134538199041
940208114212720640
940208076107534336
940208061007966208
940208046931873793
940208033044549632
940208023754231808
940208022831484932
940207917512392704
940207915524329472
940207883295133696
940207820431151105
940207793801433089
940207737455169536
940207609210122242
940207594706108418
940207415705919489
940207377185476609
940207329491996674
940207264492916736
940207233866100737
940207228786827265
940207214542884864
940207182406148096
940207152370737154
940207147761258496
940207042563923968
940206974083444736
940206953623629825
940206952520585217
940206910418178048
940206899403694081
940206893720592384
940206889891172353
940206876112965633
940206858995945478
940206857783783424
940206837206519808
940206790813388800
940206787881553920
940206786459721729
940206725646262272
940206716242812929
940206628850282496
940206607786500096
940206564757180416
940206559853993985
940206475150012417
940206452366594049
940206422360432641
940206399983939584
940206381075968000
940206376525103105
940206319256076288
940206268513472512
940206265124507648
940206254663917569
940206242185834496
940206206538436610
940206189677371393
940206165883006977
940205908835078145
940205886173270016
940205875167363072
940205853902364672
940205850064539649
940205830175100933
940205821908148224
940205787456200704
940205693524697089
940205653586563072
940205598611664896
940205475647418368
940205424711819270
940205424472723456
940205360333369344
940205321208909824
940205278582181888
940205234193870849
940205225943687169
940205121354567681
940205038395199488
940204975082426369
940204952835821568
940204952244441088
940204907549913089
940204869067014144
940204841514754049
940204804533575680
940204800448323586
940204669921611778
940204659981111296
940204513750913025
940204381756116992
940204304295702529
940204289770835968
940204273773760512
940204149010034688
940204116931989504
940204075739701248
940204071780274176
940203869954609157
940203864954896384
940203857933733888
940203799649574918
940203377929187328
940203332924211201
940203184013873155
940203098273976320
940202985669394432
940202953050394624
940202886297980928
940202880178491392
940202805918355456
940202726138499074
940202669234376705
940202337691320320
940202206783033344
940202154182234112
940201880520679424
940201763868639232
940201734340861952
940201683019337728
940201627541295104
940201310476959745
940201142356774912
940200815394000897
940200799107473408
940200688138838021
940200499491487744
940200180929921024
940200091805200385
940199310653902848
940199202851840000
940198826899591168
940196348657364992