null
1011760773679452161
1011760760555438080
1011760529252241408
1011760327250280449
1011759953659531264
1011759936018186241
1011759813863329792
1011759773723844608
1011759653393317888
1011759651992621058
1011759644442849281
1011759629460738048
1011759603632271361
1011759543196397569
1011759523827277825
1011759449969778690
1011759391136190465
1011759354322870272
1011759247032504325
1011759057114484737
1011759050894266369
1011758921822949376
1011758849311813632
1011758674967228423
1011758578347192321
1011758538073542656
1011758508814012416
1011758489117618176
1011758481928486912
1011758460919341056
1011758449666023424
1011758365213646849
1011758319420280832
1011758292912279552
1011758285354143744
1011758227212685313
1011758214382096384
1011758090801336321
1011758075932499969
1011757963277733889
1011757925310844928
1011757921263288333
1011757869748891651
1011757727230525440
1011757627984920576
1011757368625987585
1011757362791768064
1011757318244102144
1011757201277386752
1011757193681612802
1011757184017977346
1011757128191750150
1011756858959388672
1011756827988676608
1011756698757935105
1011756663911735296
1011756631544213504
1011756598253977600
1011756473007968261
1011756418788134912
1011756375284813826
1011756224461729792
1011756139632103424
1011755993678655489
1011755794239500288
1011755737100574720
1011755670922620928
1011755630376439809
1011755566438518784
1011755407847710721
1011755351597813760
1011755225605197824
1011755134139985921
1011755100803481600
1011755000299745280
1011754971862167552
1011754948110049281
1011754929298591749
1011754881718411266
1011754772972654592
1011754703888224256
1011754555607060480
1011754532903190528
1011754264664739840
1011754264312598528
1011754050424070144
1011754022427090945
1011753977422151682
1011753976809828352
1011753919373029376
1011753680360673280
1011753494213251073
1011753467654918144
1011753421655986176
1011753387703128064
1011753365745864705
1011753277002788864
1011753264994537472
1011753232580972544
1011753105489350658
1011753036254007301
1011753009318187008
1011752698260213761
1011752554936635397
1011752522904584192
1011752443028393985
1011752280192888833
1011752257644265477
1011751896082731009
1011751880396038145
1011751803896115200
1011751743397523456
1011751628888821765
1011751623297662976
1011751581635706885
1011751498705862656
1011751274428198913
1011751105037045761
1011750961226878978
1011750917174120452
1011750888115859457
1011750783019339776
1011750504853106689
1011750434338492416
1011750248362987520
1011750226099621890
1011750202426863617
1011750160701931521
1011750047942311936
1011750034944258053
1011749904019050503
1011749849136582656
1011749759017680897
1011749690520596480
1011749666042667008
1011749654202142720
1011749617300656129
1011749533703909385
1011749270289076224
1011749204149112832
1011749199354966018
1011749142186659840
1011749139204526095
1011749083810353154
1011749045633773568
1011748996640133120
1011748799117750273
1011748728456138752
1011748643957813249
1011748530669735941
1011748474642141187
1011748393687928834
1011748391695605760
1011748287962144775
1011748206877859840
1011748145364131840
1011748113374203905
1011748082797694976
1011747906716610560
1011747795991187457
1011747676227063809
1011747622925864968
1011747597281906688
1011747591019749378
1011747465052254215
1011747366972428288
1011747300702597122
1011747249397878786
1011747216699088899
1011746992299630592
1011746973337247744
1011746958317441024
1011746779241512962
1011746754147037184
1011746749009027073
1011746676573462529
1011746604024582144
1011746594507689984
1011746507152818176
1011746443890249729
1011746372545114112
1011746355486871554
1011746341096165376
1011746102389985281
1011746081284096001
1011746049558540288
1011746028649840640
1011746017426001921
1011746006432669697
1011745993812070400
1011745982353235968
1011745981925388288
1011745956428156929
1011745956210139143
1011745950379978754
1011745948563746818
1011745928049377282
1011745787410288645
1011745729239535617
1011745688496099328
1011745609676705792
1011745577334214656
1011745467040980993
1011745426079408130
1011745399017758720
1011745317077901312
1011745270646870016
1011744944082612224
1011744855276621824
1011744746644131840
1011744614930239488
1011744549516075010
1011744520105594880
1011744453214777345
1011744361611190272
1011744360679919616
1011744312596389888
1011744311447257091
1011744297014702080
1011744280208125952
1011744272037670912
1011744248151015424
1011744224134533120
1011744203850899461
1011744071570874368
1011743963550765058
1011743920588386305
1011743831681830912
1011743779168980992
1011743705093541889
1011743658582913024
1011743650194305024
1011743490420723713
1011743442706235395
1011743431935315968
1011743425698324480
1011743424658190337
1011743418433900545
1011743397382520832
1011743371684208640
1011743353992597505
1011743318156431361
1011743236254326784
1011743203588837377
1011743185708748800
1011743163076276224
1011743128775163904
1011743102435028992
1011742987280269317
1011742924860788736
1011742803334815745
1011742730853273602
1011742598602600448
1011742531246313473
1011742462283599878
1011742377155837952
1011742334848036864
1011742230703292421
1011742168434831360
1011742162797715460
1011742148750802945
1011742136079962115
1011742061358280704
1011742023244763136
1011742011588685827
1011741942877773824
1011741942177296384
1011741730947981314
1011741730713030657
1011741663306412032
1011741661351866368
1011741482154414087
1011741268408438784
1011741079073259520
1011740997016006657
1011740894511423488
1011740565233336326
1011740524032811008
1011740510497705985
1011740327860953088
1011740314091118592
1011740243064737792
1011740228782968833
1011740183006457856
1011740069097549825
1011739993595961344
1011739930681364480
1011739778532945920
1011739740159336449
1011739618407075841
1011739554750124034
1011739549922418688
1011739389721006080
1011739386726305792
1011739302819188737
1011739134254370816
1011739118156607488
1011739096010625025
1011739084316921856
1011739024506150912
1011739021578514432
1011738989072707590
1011738971762778112
1011738907132813313
1011738630057091072
1011738588608950273
1011738563065466881
1011738396639813635
1011738383612366849
1011738377203351552
1011738375244648448
1011738119874457600
1011738114090520576
1011738030191841280
1011738008553512960
1011737977867919361
1011737931646676995
1011737876445515777
1011737852596703233
1011737846850433030
1011737786733531137
1011737777011077120
1011737761357926400
1011737749655900160
1011737741892247554
1011737737626619904
1011737681137549312
1011737654591918080
1011737611017293825
1011737570072412161
1011737555858083846
1011737551802175491
1011737498861690880
1011737411867553793
1011737406456856576
1011737279843401729
1011737183785504770
1011737173689683970
1011737133957177344
1011737066063978498
1011737013861613568
1011736884073193478
1011736877458698240
1011736764493557762
1011736558003785728
1011736529167929346
1011736483332612097
1011736432883503106
1011736419847503873
1011736375186427906
1011736363115393025
1011736270953943041
1011736263974531074
1011736253031682048
1011736247499358208
1011735785643692033
1011735779968774149
1011735709466746881
1011735686540558338
1011735600616140800
1011735539236474880
1011735536212430848
1011735524267253760
1011735492193345537
1011735481149558785
1011735375520333825
1011735292171161605
1011735233383845894
1011735230342807552
1011735140022747136
1011735118128533506
1011735081935917066
1011735041846718464
1011735008598511617
1011734944513748994
1011734677483335680
1011734628925730817
1011734615034228736
1011734603235766272
1011734492392968194
1011734476991401984
1011734427599294464
1011734284888170501
1011734273081176066
1011734225534496768
1011734199466946562
1011734129501712390
1011733903969849345
1011733836676419585
1011733696376958980
1011733658217123840
1011733495025106945
1011733459386150919
1011733386413649920
1011733379384004608
1011733346811043843
1011733344055431169
1011733280385912837
1011733264493473792
1011733249624768512
1011733112571588608
1011733063607431168
1011733031642513408
1011732969709621248
1011732965074882560
1011732884212744193
1011732851874828289
1011732741778440197
1011732712191819777
1011732576833359878
1011732512534614017
1011732484923514881
1011732423112085506
1011732369555054592
1011732304853721091
1011732278979039234
1011732246909411329
1011732242631200770
1011732177866952704
1011732165955112960
1011732083234881537
1011731943346589699
1011731835523616770
1011731779919794176
1011731663263555593
1011731622138466304
1011731613040959488
1011731521731006470
1011731499618463747
1011731213525151744
1011731115818831872
1011730939138002944
1011730876516982784
1011730842035589120
1011730824985808896
1011730748821262336
1011730671105204225
1011730625601200128
1011730574644596737
1011730445090910208
1011730333325283328
1011730318766870529
1011730260772249606
1011730217759596544
1011730160251531269
1011730148981428225
1011730073920131072
1011729876825538560
1011729778678882305
1011729769963155457
1011729711288872960
1011729684873310209
1011729651692163073
1011729637469315073
1011729634164080640
1011729590438514688
1011729515733798912
1011729505214492674
1011729352566898688
1011729339073925120
1011729313425776640
1011729286422843394
1011729218898624513
1011729205640515585
1011729145758396416
1011729145557061637
1011729085981233157
1011728932511666178
1011728834490748928
1011728819747786752
1011728766756741120
1011728748700405761
1011728602776457218
1011728462464409600
1011728441379577856
1011728426552774657
1011728190434406400
1011728185891966977
1011727985248960513
1011727862876041221
1011727758379151361
1011727747557683201
1011727721804656640
1011727539004469251
1011727529609191426
1011727451863601152
1011727395987120133
1011727390106636290
1011727350566809600
1011727281579085825
1011727179527303168
1011727134874832898
1011727070756388864
1011727029488631808
1011726981375946752
1011726904964141061
1011726837138034690
1011726759920840704
1011726708221890561
1011726698159669248
1011726501752942592
1011726353840988160
1011726281849954313
1011726192645271553
1011726158268755969
1011726110499987456
1011726077365047296
1011726067659431936
1011725948214005760
1011725896959610880
1011725894094938113
1011725860678889472
1011725830777696256
1011725693581963270
1011725499419234304
1011725485217320961
1011725450215862272
1011725407434010624
1011725383153127424
1011725376639389696
1011725301305393152
1011725288336547840
1011725203095814146
1011725168832466944
1011725087949639681
1011725045205352451
1011725039455080448
1011724743651876864
1011724676714975234
1011724658209640449
1011724637397487617
1011724600768516096
1011724587057516546
1011724467515674629
1011724464218951681
1011724439640297472
1011724406341750785
1011724318265372674
1011724205019291652
1011724106792873989
1011723904044318720
1011723818178498560
1011723801690697728
1011723781742714883
1011723635562897408
1011723537114116101
1011723511428087810
1011723306993704960
1011723286747734016
1011723268729065472
1011723178039799815
1011723153675116545
1011723138072301574
1011723075325489154
1011722978478960641
1011722920912093184
1011722905422622721
1011722905288347649
1011722858756788229
1011722751642624000
1011722358099533833
1011722311995568128
1011722282027216896
1011722271906381824
1011722210153783297
1011722202201370625
1011722090456735748
1011722058370355203
1011722029840596992
1011722012086202368
1011721912240787464
1011721632698765312
1011721507784024064
1011721466549821445
1011721452360470530
1011721444244508672
1011721401252884480
1011721378909782016
1011721287402745857
1011721236689379328
1011721086919159808
1011721030140944384
1011720979712741377
1011720905549144065
1011720869188591616
1011720796031635464
1011720792739074049
1011720759130120199
1011720727056211968
1011720684689608704
1011720535997337600
1011720532625014784
1011720526795067393
1011720373598064640
1011720258007306240
1011720101190651905
1011720099206717441
1011720023159668736
1011720011986194432
1011719638533705728
1011719595466678278
1011719528567451654
1011719488956502016
1011719367057379342
1011719277785899008
1011719275428679681
1011719189508153344
1011718905067286528
1011718881411465217
1011718760682655746
1011718755158773760
1011718700771299328
1011718695717101569
1011718584525918208
1011718553014358016
1011718538099331073
1011718531375910912
1011718407740420096
1011718308121530369
1011718292959059973
1011718275091267584
1011718258842570752
1011718203762978816
1011718192719425536
1011718186629287936
1011718096615362561
1011717860270510082
1011717804331094017
1011717795908866049
1011717675834372096
1011717593978327040
1011717164469014528
1011717095258775560
1011717090825441281
1011717090720538625
1011717051063390210
1011717033027948544
1011717032788701185
1011717019786309632
1011716966845952002
1011716957509259265
1011716934998491136
1011716904396967939
1011716857546592262
1011716850235969536
1011716810947907595
1011716796842496000
1011716768887394304
1011716767339745280
1011716651694346240
1011716645725843459
1011716622762020866
1011716516872704008
1011716481216901121
1011716404595261442
1011716396554903552
1011716395426635776
1011716387742666753
1011716283644153857
1011716254107930626
1011716250169323521
1011716221899853824
1011716194624266240
1011716188479639552
1011716160256126979
1011716124201889792
1011716115872079872
1011716089200377863
1011715977233350656
1011715927627444224
1011715842734788608
1011715822757261312
1011715782483562499
1011715744579686400
1011715676191543296
1011715610953306112
1011715604410195969
1011715487443582976
1011715485614919680
1011715469244551170
1011715326138986496
1011715247906926593
1011715162334748673
1011715122501505025
1011715078788403200
1011714977198149632
1011714925675384833
1011714890787012608
1011714868372758529
1011714721941204997
1011714642433986562
1011714582119878661
1011714433402335232
1011714336878931968
1011714300279443456
1011714243073200128
1011714178808098816
1011713962830729216
1011713857910288384
1011713853766406151
1011713777706946562
1011713608361959425
1011713543572475904
1011713519157325824
1011713464975417344
1011713249266552832
1011713248788434944
1011713243914686465
1011713233982492673
1011713178454122496
1011713098439421953
1011713042025938949
1011712995712385024
1011712984366895104
1011712929908043776
1011712906411626496
1011712883158331394
1011712804162887680
1011712601569615880
1011712510448291840
1011712358421590016
1011712340532707328
1011712309797031936
1011712260392259586
1011712209376849925
1011712086718734339
1011712082306363392
1011712067911540737
1011712053361496064
1011712036491886593
1011711812985917440
1011711699328651264
1011711672665419780
1011711550653116417
1011711477038841866
1011711468860035072
1011711416469020673
1011711368330805248
1011711267768295425
1011711265536905217
1011711138906673157
1011711058367504384
1011711044173959168
1011710996707147776
1011710989040005120
1011710883159003139
1011710831527002112
1011710819199926272
1011710692465004547
1011710558813421569
1011710557609750530
1011710515293417479
1011710503889055749
1011710441813356544
1011710436696260608
1011710421437419521
1011710363132448771
1011710233377374208
1011710191572799488
1011710166562230273
1011710059347406848
1011709999092060161
1011709942020149248
1011709921832919040
1011709774134697986
1011709766794608642
1011709745999372289
1011709741339500544
1011709715322146821
1011709701866782724
1011709676629655552
1011709598867353602
1011709531762647040
1011709504067592192
1011709443556429825
1011709432911335424
1011709376023887873
1011709191218778120
1011709137988620288
1011709102878314497
1011709047555411968
1011708901383864321
1011708825647214597
1011708787957420033
1011708786195730434
1011708720349315073
1011708629660160000
1011708597095550977
1011708563696373760
1011708528258633730
1011708513414938624
1011708233021624322
1011708224150691842
1011708220627398657
1011708211102208001
1011708189333737473
1011708182551506944
1011708176692121601
1011708148007260160
1011708132014211072
1011708021985239040
1011708017560244224
1011708016901570560
1011707980071522304
1011707945078415361
1011707929630773248
1011707847602819073
1011707737447661568
1011707681420259328
1011707542689538053
1011707522795823104
1011707514940022786
1011707500394110976
1011707430168866821
1011707360405049344
1011707132918599685
1011706936088322050
1011706859387047939
1011706794727616512
1011706753606651907
1011706718030622721
1011706647981494273
1011706644940709890
1011706616591216640
1011706584030961665
1011706479244607490
1011706471552356352
1011706298403082242
1011706212763631616
1011706205037875200
1011706164445372418
1011706103468523520
1011706021906087936
1011705996501291008
1011705968747479040
1011705925353304064
1011705793341779968
1011705667281879041
1011705599560740865
1011705576718417920
1011705552030846982
1011705445818490882
1011705420761559042
1011705406161412097
1011705389614817281
1011705273382326272
1011705093421297665
1011705060961775618
1011705032838995973
1011704999028641794
1011704914849001474
1011704894632480771
1011704874344607745
1011704867428163584
1011704703896432641
1011704672082685954
1011704606655729671
1011704583914119168
1011704547985813504
1011704520412418057
1011704515941273604
1011704455312695297
1011704436178243589
1011704410328748039
1011704395925544961
1011704393949949954
1011704149040197632
1011704026453499904
1011703960246407168
1011703937047629825
1011703924879970304
1011703888255377411
1011703866864304128
1011703841413312517
1011703836724154374
1011703795691216896
1011703703609503744
1011703695619317760
1011703652057313282
1011703621782827010
1011703492707278848
1011703388457689088
1011703305884577794
1011703281855459328
1011703184413351936
1011703168982552577
1011703163240566787
1011703126536187906
1011703077487939588
1011703030260162562
1011702993216000001
1011702882905751552
1011702825347371010
1011702669222662145
1011702647806681088
1011702509520539648
1011702493066268672
1011702459960582144
1011702453065191425
1011702446161367040
1011702441656676353
1011702358651342850
1011702347045785601
1011702290271625216
1011702246462062592
1011702194297503746
1011702160072036353
1011702121396408320
1011701901837111296
1011701896715882497
1011701895864438785
1011701893486309376
1011701877531082753
1011701727899381760
1011701688892346369
1011701637742817281
1011701618067337218
1011701591290892289
1011701439775805441
1011701353239011328
1011701297270095873
1011701287447080960
1011701273794633728
1011701214831095808
1011701101140299777
1011701089115262982
1011701015995928576
1011701005522755590
1011700946852827136
1011700901118017536
1011700892897198081
1011700891337060353
1011700886232498176
1011700859380666368
1011700825633230854
1011700809686573056
1011700793190371328
1011700761347182595
1011700664437788672
1011700651078946817
1011700634180079620
1011700570846040065
1011700547269873664
1011700464595947523
1011700457159393280
1011700249088417792
1011700200904282115
1011700127998922760
1011700116816842754
1011700050114895878
1011699932493963265
1011699873689821186
1011699791783497730
1011699666554179586
1011699489739104256
1011699402346520581
1011699062167539714
1011699055645417472
1011698974644998145
1011698899348852736
1011698890439995392
1011698889093795851
1011698771749720065
1011698635573288966
1011698574013460480
1011698336745836544
1011698308765704192
1011698293833981952
1011698290772135937
1011698246631280641
1011697995509895170
1011697991655178240
1011697966166364160
1011697842245767170
1011697800411779080
1011697784435589120
1011697750717714432
1011697725832859648
1011697708485275651
1011697655775485957
1011697566101188610
1011697449361166337
1011697418814058496
1011697331488591873
1011697248344952833
1011697153050374145
1011697067570409472
1011697059752181760
1011697059718746112
1011696932534747136
1011696899928322049
1011696888804880385
1011696841996595200
1011696796706353152
1011696633980096512
1011696555924115456
1011696461292154887
1011696196841295879
1011696079367299072
1011696023071227904
1011695944046469122
1011695822310969345
1011695773908717575
1011695742413561856
1011695688038735874
1011695679704625158
1011695656229097472
1011695632883601409
1011695552277483521
1011695498917482496
1011695442982293504
1011695313449517058
1011695257518575616
1011695220050755587
1011695128820449282
1011695095479848960
1011695082255323136
1011695056930181128
1011695002123108353
1011694993700999168
1011694958410117120
1011694942308233219
1011694866009677824
1011694837744033792
1011694795851534336
1011694730550366209
1011694635779887104
1011694623205609472
1011694580100628481
1011694568365051912
1011694541659885570
1011694506109014016
1011694435451600896
1011694425653772289
1011694304325185537
1011694196749688832
1011694195659206656
1011694098548477952
1011694026486112256
1011693979929337856
1011693851101278208
1011693845782958081
1011693824907907072
1011693666350530560
1011693571672428544
1011693490332454915
1011693366646595584
1011693281762107392
1011693245451997184
1011693088518164485
1011693080469262338
1011693077285801984
1011693076899909633
1011693039709048832
1011693013138067456
1011692994242797573
1011692940253679616
1011692869030203395
1011692716990709760
1011692714746875909
1011692673542098945
1011692608744280064
1011692598547841027
1011692510232612864
1011692506092900352
1011692450296074241
1011692384273469441
1011692345706852353
1011692259765575681
1011692200764243968
1011692104744042496
1011692096816902145
1011692024448286720
1011691879300247552
1011691870412574720
1011691865270292480
1011691834559606784
1011691742746165249
1011691728175353859
1011691675855532032
1011691583857745921
1011691570721181696
1011691564991643648
1011691104935088133
1011691060005781504
1011690813322092545
1011690798910529536
1011690725598085120
1011690414477336576
1011690355463524354
1011690340498190336
1011690297091330048
1011690234973704193
1011690034100043777
1011690006879068160
1011689944274948103
1011689915850153986
1011689899815325698
1011689856504918028
1011689853778612224
1011689851178143746
1011689789429514240
1011689786875269122
1011689666242842627
1011689584554586112
1011689501469659136
1011689481873907712
1011689472562466816
1011689398138818563
1011689314001006593
1011689277959352323
1011689250230857729
1011688968361070594
1011688849603325952
1011688835279917059
1011688750903066625
1011688681508306947
1011688680988336129
1011688629641666560
1011688456521748480
1011688434132398080
1011688420740038657
1011688419687305218
1011688400880062465
1011688198039367685
1011688190971822080
1011688109585649664
1011688095375347713
1011688074537910272
1011688048185233413
1011687979067346949
1011687833524953095
1011687791611273219
1011687787739926528
1011687661147320321
1011687551634231296
1011687533896523777
1011687517941387265
1011687405575921666
1011687390690398210
1011687297266286592
1011687086968180736
1011686828213194758
1011686694322671617
1011686638706216960
1011686565301637120
1011686484078940163
1011686447928217600
1011686432228958208
1011686317153898496
1011686278033596416
1011686232550604801
1011686201353388032
1011686053785239552
1011686015977820160
1011685981391654913
1011685944582463496
1011685900949118976
1011685848604168192
1011685780392169472
1011685772188094465
1011685771533840384
1011685676339945478
1011685674230140930
1011685654336548865
1011685542373797890
1011685538758135808
1011685536946368522
1011685532001284098
1011685531149746176
1011685528549224448
1011685425163964417
1011685420697096193
1011685342792114177
1011685146003681280
1011685091666546689
1011684924359729153
1011684845741846528
1011684737700818950
1011684731551969285
1011684727324061696
1011684696730800130
1011684548357193728
1011684541273165825
1011684520700112896
1011684291112243201
1011684248695263232
1011684243292991494
1011684136128602112
1011684067195146240
1011683815926853633
1011683789397950465
1011683749719834626
1011683713158021125
1011683710536646657
1011683698075492352
1011683662499368960
1011683618048086016
1011683549022445569
1011683430021689344
1011683266980663296
1011683263432323072
1011683248060198914
1011683211171323909
1011683210932023296
1011683129852080128
1011683116858081280
1011683114458984448
1011683095500771328
1011683027980816387
1011682989795930113
1011682725638656001
1011682711105343490
1011682563344216064
1011682482704404480
1011682428434427906
1011682412911321088
1011682318753386497
1011682304782143488
1011682282560729089
1011682215175081985
1011681811401990144
1011681786001321984
1011681780024438784
1011681751607832576
1011681719429271552
1011681717235658753
1011681642916663297
1011681462603657217
1011681386246344710
1011681294739234817
1011681229723324419
1011681137578606592
1011681072239792128
1011681067768696832
1011681039868145664
1011680997170188289
1011680984436051968
1011680964395917313
1011680918833115136
1011680811312189442
1011680543807889413
1011680531740872705
1011680483233665025
1011680482700951553
1011680434005204992
1011680353734586374
1011680158871244800
1011680110498414592
1011680097219350528
1011680023986745345
1011679934740422656
1011679902456664065
1011679814426791941
1011679795099328512
1011679791131582465
1011679651050246145
1011679650546966528
1011679564836175873
1011679542514085889
1011679495206658053
1011679281053913090
1011679257515438082
1011679242495524864
1011679194244411392
1011679161692418048
1011679092696109056
1011679082277474304
1011679010965934082
1011678932872163328
1011678794380464128
1011678734577881088
1011678662356295680
1011678655267909632
1011678634946379777
1011678566042480642
1011678548950765575
1011678548015362049
1011678363013013504
1011678357124190209
1011678352892145665
1011678238404497413
1011678141658664965
1011678089347260416
1011678088630079488
1011678068254134273
1011678044619239431
1011678000293777414
1011677996439175169
1011677987505352704
1011677619513937920
1011677571262681088
1011677560793468933
1011677463011872769
1011677432141709312
1011677405709262851
1011677385018826752
1011677340152320000
1011677308069896192
1011677288621117440
1011677091727839232
1011676981644091392
1011676930351955969
1011676886794108928
1011676854800060416
1011676850790289408
1011676690643374080
1011676680165916672
1011676643264524289
1011676601111674880
1011676565309132803
1011676514281250816
1011676502335868928
1011676451421204481
1011676288938061826
1011676241655721987
1011675881616572418
1011675738007920642
1011675608684822529
1011675538942058497
1011675510420770817
1011675408255856641
1011675351251128321
1011675282464387072
1011675171667824643
1011674820814168064
1011674742229790721
1011674643307139072
1011674630497718272
1011674606145560576
1011674505608122369
1011674400331059200
1011674249344344064
1011674229446569984
1011674220504289281
1011674209745948673
1011674202653577217
1011674170046976000
1011674157866717185
1011673978069544960
1011673900030353409
1011673831067570180
1011673657779871744
1011673654269181954
1011673598673805312
1011673491979096065
1011673482927714305
1011673390078418944
1011673371497717761
1011673135840743425
1011673102948937728
1011672983251881986
1011672834509336576
1011672756382060546
1011672736291311622
1011672684218978304
1011672624764727296
1011672589155078145
1011672502576218112
1011672470984814593
1011672219326533634
1011672196408922117
1011672148589629440
1011672118214447104
1011672026602463233
1011671996650926081
1011671985624174592
1011671978946818048
1011671954040946688
1011671949360222208
1011671944834535426
1011671816916611072
1011671767528529920
1011671762906443776
1011671710452547584
1011671682468151301
1011671613383892992
1011671595662929920
1011671441417392133
1011671434589073410
1011671355849310208
1011671324266303488
1011671317035323398
1011671295849828353
1011671209245896704
1011670966978555904
1011670932837068801
1011670932513947648
1011670923089530880
1011670866592190465
1011670812863102976
1011670760417579008
1011670754126106626
1011670709289078785
1011670653789921280
1011670597628321795
1011670564048498689
1011670552216563714
1011670441805713409
1011670414177775616
1011670393835393025
1011670373019082752
1011670326315544576
1011670288352907264
1011670179535826945
1011670112900968448
1011670085558251520
1011670008269869056
1011669935880376321
1011669846734536707
1011669812941074432
1011669788169515012
1011669750500462592
1011669666408927234
1011669452562272257
1011669434186924033
1011669412842229760
1011669402931089409
1011669340259868673
1011669311440805895
1011669308282425349
1011669307212869633
1011669254075273217
1011669253563379712
1011669098110111746
1011669073577566208
1011668942664929281
1011668916727209984
1011668856182538244
1011668844925026304
1011668711051161601
1011668680504172547
1011668674686660608
1011668660405104645
1011668568457601031
1011668551067787265
1011668534919823363
1011668512023212032
1011668476165959680
1011668431136022530
1011668421136797696
1011668416028082182
1011668379642613760
1011668331391143937
1011668325917749249
1011668194363428871
1011668194279460865
1011668156971126788
1011667963722764290
1011667911688314880
1011667768826097664
1011667740380319744
1011667664773795841
1011667635036131328
1011667602102538241
1011667548893523976
1011667490747887616
1011667488789049344
1011667471449907200
1011667406287265793
1011667300838232064
1011667290897747969
1011667258693816320
1011667166213627904
1011667145921585153
1011667138946445315
1011666919592783872
1011666908762927104
1011666906040893441
1011666859563913216
1011666841717084161
1011666812772241413
1011666718442352640
1011666692278312961
1011666684623704064
1011666517304467457
1011666516998344704
1011666420432867329
1011666348290772992
1011666335766667264
1011666117964820480
1011665836564729857
1011665835155492864
1011665813609353221
1011665782831570947
1011665611389308929
1011665595929112577
1011665573351215107
1011665569735639041
1011665528203685888
1011665394724163584
1011665367373004800
1011665365112381445
1011665329158868993
1011665239228780545
1011665199173120000
1011665191229165569
1011665181892644866
1011665101903073281
1011665008609153025
1011664963885260800
1011664900429697024
1011664897615245313
1011664846851432448
1011664811678191616
1011664785015009280
1011664642765180929
1011664638717485056
1011664577782796288
1011664557050335233
1011664501798789120
1011664451165147137
1011664362304462848
1011664312421797889
1011664268339630080
1011664246126596099
1011664215650832384
1011664169416974336
1011664128174219270
1011664036973502464
1011663954022748166
1011663948746194945
1011663945373868032
1011663928953393152
1011663764117020672
1011663744793968640
1011663725596676096
1011663711327514629
1011663672031301632
1011663556427767808
1011663507320815621
1011663342283448321
1011663321353932800
1011663305600061440
1011663303389663233
1011663138457096192
1011663115497418757
1011663103837302785
1011663070299598855
1011663045674848257
1011663038645264391
1011663009570271232
1011662996324671494
1011662952527785985
1011662948098564096
1011662933208821760
1011662926304997376
1011662913478656000
1011662861565820928
1011662833002704896
1011662781416923136
1011662679654756353
1011662594720043009
1011662515422597121
1011662440726171649
1011662411185704962
1011662348581523456
1011662338095804418
1011662303920574465
1011662255384121345
1011662204066660352
1011662187092500480
1011662135724838912
1011662121589985281
1011662105685254144
1011662054288232448
1011662046289715200
1011662013729304581
1011661984264347648
1011661952152686592
1011661873836642306
1011661803628191750
1011661794295865344
1011661733293973507
1011661721046585344
1011661678474297344
1011661628557971456
1011661621637378049
1011661561214234624
1011661440799801344
1011661417827749888
1011661368133496832
1011661363352129536
1011661362576216069
1011661169315188737
1011661167583027201
1011661115527389184
1011661100964831232
1011660994748170240
1011660942747156481
1011660907674587136
1011660725411106818
1011660693291130881
1011660688547336192
1011660663809298432
1011660636026126336
1011660627914493953
1011660598566883334
1011660547857747970
1011660541947990016
1011660539792166912
1011660502823591937
1011660457202069505
1011660426931769345
1011660398205030400
1011660266730414081
1011660211663331329
1011660191262216193
1011660174187270145
1011660126040625152
1011660104998023169
1011660102707933186
1011660054515380225
1011660021413961730
1011659998789799937
1011659979126910979
1011659892355190792
1011659787187163136
1011659719138856960
1011659713195528193
1011659667729256448
1011659462330015744
1011659429471809536
1011659379496583168
1011659365621878784
1011659359389040640
1011659310491996160
1011659189947691008
1011659180737028097
1011658909445165056
1011658895847194625
1011658872774328320
1011658780147372035
1011658768923447296
1011658732856598529
1011658723587166208
1011658656428056577
1011658401217064960
1011658369734606848
1011658331759443969
1011658240751558656
1011658222216863744
1011658212012056576
1011658179284013056
1011658157431586816
1011658150922149889
1011658149198286849
1011658128830578688
1011658118466555904
1011658103153192960
1011658097323110401
1011658085260242944
1011657941076897792
1011657872940335104
1011657755134918656
1011657736956702720
1011657732196372480
1011657658963841025
1011657577300676609
1011657557264326656
1011657414804897792
1011657391316717569
1011657316284948481
1011657128921194496
1011657127549550592
1011657022784368641
1011656979411095552
1011656917725384705
1011656892760936448
1011656832300052480
1011656820790890496
1011656752465575942
1011656681858707458
1011656657322029056
1011656629811478528
1011656623411081222
1011656578112552961
1011656572987199488
1011656498752221185
1011656395953975298
1011656351477583874
1011656236570497024
1011656204932866048
1011656127371776006
1011655997583233026
1011655970425135105
1011655926783365120
1011655893258301441
1011655886681538560
1011655785158512644
1011655716719951873
1011655680221171712
1011655566685540352
1011655502735073281
1011655423588556802
1011655394706550784
1011655340948099073
1011655335013240834
1011655319095840769
1011655272413057025
1011655257301102594
1011655171913519104
1011655033962876930
1011654992967675904
1011654937875570688
1011654868476440576
1011654830878838786
1011654632140091393
1011654626402361344
1011654478519562240
1011654393857564672
1011654339356708867
1011654304040673283
1011654293777190914
1011654269353779200
1011654265071255553
1011654152596934662
1011654064537571328
1011654063384121348
1011654034090934272
1011654019020976128
1011653949861089280
1011653883591086081
1011653848396689409
1011653797578465280
1011653739348971520
1011653519710019585
1011653489775333377
1011653429876453376
1011653427376607233
1011653353158467585
1011653346304970752
1011653338872590336
1011653329263325184
1011653085847007232
1011652914803118080
1011652870079483904
1011652834880884736
1011652746863349760
1011652621134974981
1011652584728354816
1011652584078225411
1011652580026601472
1011652559109480448
1011652535805935621
1011652511609032704
1011652491186929666
1011652396877897728
1011652305970716673
1011652277013307393
1011652275377451009
1011652263801184256
1011652237179965440
1011652229944705025
1011652227352727556
1011652168603054080
1011652102559551488
1011652084951912454
1011652052848660481
1011652035954073601
1011652008959340544
1011651880999706629
1011651821369036800
1011651743342649344
1011651622412476416
1011651614179037184
1011651578573582336
1011651507362697217
1011651496063234048
1011651301564968961
1011651241548578817
1011651107171586048
1011651035935502336
1011650957590056960
1011650933514784775
1011650852015222788
1011650847397249024
1011650694594482177
1011650670146048000
1011650600214450176
1011650548137897985
1011650505590878209
1011650440147005441
1011650351664070657
1011650264011456513
1011650263101464577
1011650202380439552
1011650200212070400
1011650190099599361
1011650175889231872
1011650166582112256
1011650154208878592
1011650104707764224
1011650063284801536
1011650029273088000
1011649905478299648
1011649800687714307
1011649756584726528
1011649752260337664
1011649711982436352
1011649691652710401
1011649586795081728
1011649533078622211
1011649457371385856
1011649398600814592
1011649352652263424
1011649330292199424
1011649186872418304
1011649103011328000
1011649056156913665
1011649037261529088
1011648944504496128
1011648930587840512
1011648840691314690
1011648816985051136
1011648743844786176
1011648668716240897
1011648666778685440
1011648625502371840
1011648511597858817
1011648461740101632
1011648440764370944
1011648404139708416
1011648307855331328
1011648301521723392
1011648275496071168
1011648263081086983
1011648236556312576
1011648164644966400
1011648137478443008
1011648124580966401
1011647981844619264
1011647864831963137
1011647846976811010
1011647777175056386
1011647748058202113
1011647733357309952
1011647629099446273
1011647594987212807
1011647591745024002
1011647556827435009
1011647531783077888
1011647402388934656
1011647376371658757
1011647321598148608
1011647296013045762
1011647285019717632
1011647228597940224
1011647102278086656
1011647055046078469
1011647049526403073
1011647043012448256
1011647002541617153
1011646944706482178
1011646831808442369
1011646775554215936
1011646670134808576
1011646468829208576
1011646379066904576
1011646354567974912
1011646299089833984
1011646285827354625
1011646279104032768
1011646159687946245
1011646062715723776
1011645863943397376
1011645765939335170
1011645742354763776
1011645734418935808
1011645686536908801
1011645643562143744
1011645547252539393
1011645523361718272
1011645513496694785
1011645504877420544
1011645449470558209
1011645445557407744
1011645348132151296
1011645292557557761
1011645252212592640
1011645200584839169
1011645076714524672
1011645065079541760
1011645043432742912
1011644854361837569
1011644848905117697
1011644843515187201
1011644819360370688
1011644757091598336
1011644552246124545
1011644419051843584
1011644411913138177
1011644388311740417
1011644383425417218
1011644279301664768
1011644256577040384
1011644248330944512
1011644247324413953
1011644219096780800
1011644212218155012
1011644206627082242
1011644072635916289
1011644054038372352
1011644053044244480
1011643990301700097
1011643963940442113
1011643902569267203
1011643893501366273
1011643864921395205
1011643836081299456
1011643803030183936
1011643762076995587
1011643662751682566
1011643622314397696
1011643606980091905
1011643531134369794
1011643489304567809
1011643448464695297
1011643412896940033
1011643385000574977
1011643365488844800
1011643342986334208
1011643323520634882
1011643321737936896
1011643250875215872
1011643190154231808
1011643085456117762
1011643081467277313
1011643041789210624
1011643006884163584
1011642995035312128
1011642814030077952
1011642803695378433
1011642773471145986
1011642759336296448
1011642738507440129
1011642627123499009
1011642514095386624
1011642391802019840
1011642373145812992
1011642154551259137
1011642084024049664
1011642070858158080
1011642013647859712
1011642011345178624
1011642004307087361
1011641935168196609
1011641923621261312
1011641873063178241
1011641760290926594
1011641548746915840
1011641480992186368
1011641461077696513
1011641459903205378
1011641417335263233
1011641413199712257
1011641356039704576
1011641247344287744
1011641245880463360
1011641201039237120
1011641164703952896
1011641161482690561
1011641112153481217
1011641100245917696
1011641071661707265
1011640995446968320
1011640959875117058
1011640959149408256
1011640928887623680
1011640887514992640
1011640882779574272
1011640828190756866
1011640771148177411
1011640759198642176
1011640745080565762
1011640694593683459
1011640694027505664
1011640672703705088
1011640599982854144
1011640485042061312
1011640436992159744
1011640425000656896
1011640404326998017
1011640337134043136
1011640265889763328
1011640260114223104
1011640248034562049
1011640238383378432
1011640197698629632
1011640175200555013
1011640033273679873
1011640027271458816
1011639921713479686
1011639827773755392
1011639774434689024
1011639669010976770
1011639667404484608
1011639654699945985
1011639649373249537
1011639516451373056
1011639480250445826
1011639390270099457
1011639359299350528
1011639162376675330
1011639159637676032
1011639129858117632
1011639030671446016
1011638988485156864
1011638979526103041
1011638827184771078
1011638816724209664
1011638669050966016
1011638529267585024
1011638510716096512
1011638500855148544
1011638470136221697
1011638393871192069
1011638351290658816
1011638331233337344
1011638254666506241
1011638253085188098
1011638242687553536
1011638225222369280
1011638208910815232
1011638118561337344
1011638108779974656
1011637952420515841
1011637940303335424
1011637900486828032
1011637852516560898
1011637788637319169
1011637745998065664
1011637741665374208
1011637739580780546
1011637720773550080
1011637718055641088
1011637715870158850
1011637692386471936
1011637668151808002
1011637625718038529
1011637598631153664
1011637438693822465
1011637217717080064
1011637205725478914
1011637160665944066
1011637150448791554
1011637107742380032
1011637037844320259
1011636939886215168
1011636887268876288
1011636800811683842
1011636794775961600
1011636760194048000
1011636735950884864
1011636586889535488
1011636573790769152
1011636535807172613
1011636532502032385
1011636493834694656
1011636471990833153
1011636469180530688
1011636329183109120
1011636323730513921
1011636311453851649
1011636216524140545
1011636187323338752
1011636186069299202
1011636183061925888
1011636181379973120
1011636130939310080
1011636111288877057
1011636097267458048
1011636057983549440
1011636036177481734
1011635872582848512
1011635865553162243
1011635855696556032
1011635853758795777
1011635852500459521
1011635739061358592
1011635605271470080
1011635541002113026
1011635512686383104
1011635481237446656
1011635460656025600
1011635387058524160
1011635384906731521
1011635383438839809
1011635369794666497
1011635360005349378
1011635338895286272
1011635305278066688
1011635298919469056
1011635265042092033
1011635241172258818
1011635220397903877
1011635171169308675
1011635155302219776
1011635124142780416
1011635121647247360
1011635038360924167
1011635009566986240
1011634929791193089
1011634862007226368
1011634833376804864
1011634775579414529
1011634773532475395
1011634657367068673
1011634549200183301
1011634489095843845
1011634471731384321
1011634452370460673
1011634403045494789
1011634372011847682
1011634358736867329
1011634304625983488
1011634254848065536
1011634245113180160
1011634213240606720
1011634189441961984
1011634170265849857
1011634161185099776
1011634098304159744
1011633947531505664
1011633916103593984
1011633907635314689
1011633896964935681
1011633802249162753
1011633786730242048
1011633777376931840
1011633725568966662
1011633643285073922
1011633612666621952
1011633544492408832
1011633498480873472
1011633477505224704
1011633454222475265
1011633274601525248
1011633205722558465
1011633073677406209
1011633022263840768
1011632879762329600
1011632879095468032
1011632824095596544
1011632796476084224
1011632790172028929
1011632783188545536
1011632775177400325
1011632761256448000
1011632721507110913
1011632697251332096
1011632682776834048
1011632677982646273
1011632632545927168
1011632532952113152
1011632521375899648
1011632478837145600
1011632453356834818
1011632358582255618
1011632355239514113
1011632327599054849
1011632263434526720
1011632207981469696
1011632201165885441
1011632157515755521
1011632150075109376
1011632124242354180
1011632080252538881
1011632040213602304
1011631989001252864
1011631944310972417
1011631937490997248
1011631875826311173
1011631861209198594
1011631858315137030
1011631852942131201
1011631793336922112
1011631770553470976
1011631607432740865
1011631492345327616
1011631475073208320
1011631448795811841
1011631413056102400
1011631402230657024
1011631367250116608
1011631226191564800
1011631199960301568
1011631169585205248
1011631163671236608
1011631116757987328
1011631108956610560
1011631090396745730
1011631081714483200
1011631059480571905
1011631030061731840
1011631004493254670
1011630925627740160
1011630891653849088
1011630880769630208
1011630846942556161
1011630825450897408
1011630795381989377
1011630783197523968
1011630712729030657
1011630647171899397
1011630641358635008
1011630633989431296
1011630619649028098
1011630616473980928
1011630603857547264
1011630565743906817
1011630556520566786
1011630488879075328
1011630460928188417
1011630420369330176
1011630376484208640
1011630376266104833
1011630334369247234
1011630215989223427
1011630176353050624
1011630161656143872
1011630157680005120
1011630111899168768
1011630103279874048
1011629982077063168
1011629922501132290
1011629875034247170
1011629855312474112
1011629692711993344
1011629669588795392
1011629604812083200
1011629521936834560
1011629506069778432
1011629405913931776
1011629347076100096
1011629329221017600
1011629033346551809
1011629012576342017
1011628994184318976
1011628988404523008
1011628939557654528
1011628931999358976
1011628925192040450
1011628888643047424
1011628852043550720
1011628841314476032
1011628742123417601
1011628735035068422
1011628665799696384
1011628623877550080
1011628387562123264
1011628356050153474
1011628333367529472
1011628261187649536
1011628214102478856
1011628033650974720
1011628011509178368
1011628006417358848
1011627962859442177
1011627749075836929
1011627747427352577
1011627731597971457
1011627704846872576
1011627667362336770
1011627629445722113
1011627627965272069
1011627627415732224
1011627621602418688
1011627585653133312
1011627513838297090
1011627361786163200
1011627328185815045
1011627296015441921
1011627289241677824
1011627222111793157
1011627161139245056
1011626887708209152
1011626728068911104
1011626719755866113
1011626614633967616
1011626585944883200
1011626580332961792
1011626550117195776
1011626522824925184
1011626504541822976
1011626493552807936
1011626488007884800
1011626475131473920
1011626462099668992
1011626452620644352
1011626447474249730
1011626384236662786
1011626370793967617
1011626296974172161
1011626208046481411
1011626169702076416
1011626094972239873
1011626089280626689
1011626085749084160
1011626076811026432
1011626011656687616
1011626010033434624
1011625975367585793
1011625965901017090
1011625949820014593
1011625947643170816
1011625862704353280
1011625836745777154
1011625808044220416
1011625804160217088
1011625707984838656
1011625699621425154
1011625677420982272
1011625565131104257
1011625525280944134
1011625454481084416
1011625408234770433
1011625322310234112
1011625316727640070
1011625238294036480
1011625213090549761
1011625174066552833
1011625155397865472
1011625140239654912
1011625133138763776
1011625132576698370
1011625117124845568
1011625097944354817
1011625040989835264
1011624937306710017
1011624933070397440
1011624923175870465
1011624893060960257
1011624861263978496
1011624704916979712
1011624684746674176
1011624681819000832
1011624627859271680
1011624617117716480
1011624608989171713
1011624581839425536
1011624526122291200
1011624476574998528
1011624442659835905
1011624386632257536
1011624290624704514
1011624230981599233
1011624218067255296
1011624194679943168
1011624139008937989
1011624138178514944
1011624087905394688
1011624087662354434
1011624048458108928
1011623952748285954
1011623916077568000
1011623769209823234
1011623710820880385
1011623666835247104
1011623631502430209
1011623607171207168
1011623595724791809
1011623560371195905
1011623560257966080
1011623550552367104
1011623535062798336
1011623505119490048
1011623349284466689
1011623240358400002
1011623216782209024
1011623213388967936
1011623206388686856
1011623205042380800
1011623180023353344
1011623143209885698
1011623125799317504
1011623103183630337
1011623045671374848
1011623015115841537
1011622898346446849
1011622870357827584
1011622755450740737
1011622680137748480
1011622674622078978
1011622673414279169
1011622643450118144
1011622507974098944
1011622494225207297
1011622038539309056
1011622035674591233
1011621987922464769
1011621825556766720
1011621775820587010
1011621681066983425
1011621671428448256
1011621649785946113
1011621605896785920
1011621582442201089
1011621573118382081
1011621548736897029
1011621476544536576
1011621411289526273
1011621400984121345
1011621349008211968
1011621348035178497
1011621277277278208
1011621150424694785
1011621078303588352
1011620930500644866
1011620907595550720
1011620894337327105
1011620891472605184
1011620791912484869
1011620726930108416
1011620503465943040
1011620467772411904
1011620399346483200
1011620394674130944
1011620364533862401
1011620327019941891
1011620315003281408
1011620177929175040
1011620107548856321
1011620058232180736
1011620046899118080
1011619863670992896
1011619757592899584
1011619754740736011
1011619750022172673
1011619730493444097
1011619494127599616
1011619426733580288
1011619347624800258
1011619345468776448
1011619203655323650
1011619191651217408
1011619031781134336
1011618972708626432
1011618891049717761
1011618872246579200
1011618857293897730
1011618816537788417
1011618764842926081
1011618712225566720
1011618666264264705
1011618653643526144
1011618623075635201
1011618553844457473
1011618495107424257
1011618417323868160
1011618400072880130
1011618392363716608
1011618375221555200
1011618305155764224
1011618304669175809
1011618262868623361
1011618244237627393
1011618173974667264
1011618162129846273
1011618147395198976
1011618097676062720
1011617937948598273
1011617928817635329
1011617856327430155
1011617847410413570
1011617831220404224
1011617820734615552
1011617815609081857
1011617811154776064
1011617732838621185
1011617722151694336
1011617704430702597
1011617627029102593
1011617616249720838
1011617594485411842
1011617589775294467
1011617550587834369
1011617484825350145
1011617468635385858
1011617447454040064
1011617446233542657
1011617415199936512
1011617354726420482
1011617350670606341
1011617344014180357
1011617325349588992
1011617111557443584
1011617043953614848
1011617017227546624
1011616996230909952
1011616936696819712
1011616903557722113
1011616870938677249
1011616826558681088
1011616792303800321
1011616748729139200
1011616691938320384
1011616673986736128
1011616573977743362
1011616495363911682
1011616478607470592
1011616461557661696
1011616461524172800
1011616448115105793
1011616437033668609
1011616426115903488
1011616369635479552
1011616351637639170
1011616271757127686
1011616249644765184
1011616230032191490
1011616198591746048
1011616169768259584
1011616152903147526
1011616144749363200
1011616054513152000
1011616024926543873
1011615995490783232
1011615992395550720
1011615956228026373
1011615951379419136
1011615892793245696
1011615884610363392
1011615818596143104
1011615668016504832
1011615581370535936
1011615542908727296
1011615509622558721
1011615504606420993
1011615504065277952
1011615486306643968
1011615484754694144
1011615483257376768
1011615478664585216
1011615424486703104
1011615377313411073
1011615362784296961
1011615346875424768
1011615321965223937
1011615319142658049
1011615306366771201
1011615298535870464
1011615251920384000
1011615153236791297
1011615105568727041
1011615028087283712
1011615024614342657
1011615006427897856
1011614996885893120
1011614987977031680
1011614947191721985
1011614884545613824
1011614846943711232
1011614834037874688
1011614810629259264
1011614802681257985
1011614773199491072
1011614579321917445
1011614572418093056
1011614548506406912
1011614506819055616
1011614502662672384
1011614437789372416
1011614422555602944
1011614373104799747
1011614340422569984
1011614133106757633
1011614085761388545
1011613981398757376
1011613890097098752
1011613823315382275
1011613817179164672
1011613790650228737
1011613775063945216
1011613766419542016
1011613763739545600
1011613672572153856
1011613624052342789
1011613589449342976
1011613582604333062
1011613571493613568
1011613535720411141
1011613525335212032
1011613524089589760
1011613499959791616
1011613462684995584
1011613450382921728
1011613370355732481
1011613369441415170
1011613347064766464
1011613338550394880
1011613304136101888
1011613211760713728
1011613178164383745
1011613163043868672
1011613123789258752
1011613123676012545
1011613047109103618
1011613041312575489
1011613038284337153
1011612992453185542
1011612965932552194
1011612931111481346
1011612927244283904
1011612895577243649
1011612832578916353
1011612788123492352
1011612778338115584
1011612764824055808
1011612714945470464
1011612623274631168
1011612610326867969
1011612590961758208
1011612560645349377
1011612558556565504
1011612557801672704
1011612550323154945
1011612437961986048
1011612425924349953
1011612410463961088
1011612289240305665
1011612278381260800
1011612239609122816
1011612238103371778
1011612226497728513
1011612223280590848
1011612219157643264
1011612095459164160
1011612082062680064
1011612075339198465
1011612067449720834
1011612048403427330
1011611991138500608
1011611971530252291
1011611949715677184
1011611886834585600
1011611875216412673
1011611771231199234
1011611761466896389
1011611739098681344
1011611727438471173
1011611724846333952
1011611724317888512
1011611715069456385
1011611693489836032
1011611668541997056
1011611617274953728
1011611598497173506
1011611565508976640
1011611557053296641
1011611526350934016
1011611491424849921
1011611456612323330
1011611449154789376
1011611432801185792
1011611414845444098
1011611399238356994
1011611342292377600
1011611340081950720
1011611330053332992
1011611320989437952
1011611272842915840
1011611230233120768
1011611209165131778
1011611152739004416
1011611149664751616
1011611116449906688
1011611101803569152
1011611046631571457
1011611036389203968
1011610908093763584
1011610869883719680
1011610796395200512
1011610721992560640
1011610640681717760
1011610630904795142
1011610550999175168
1011610474838986752
1011610462105034753
1011610417343365120
1011610407180439552
1011610404735410176
1011610361177542657
1011610339149041664
1011610303430254593
1011610287777222658
1011610240847110144
1011610221687517184
1011610205178728449
1011610199084425216
1011610185880735744
1011610143514087425
1011610075910115329
1011610069048397824
1011610052610969601
1011610044385906689
1011610038136434688
1011610036920094721
1011609987787952128
1011609714881417217
1011609714495508480
1011609687094120449
1011609628990431232
1011609623407878144
1011609580097363968
1011609572895809536
1011609535692333056
1011609530311041025
1011609524162220032
1011609443610525696
1011609437554003968
1011609169395437568
1011609163225497600
1011609160922882049
1011609126638686208
1011609073018531840
1011609072901279744
1011609010850684930
1011609001891680256
1011608992878034944
1011608970962882561
1011608868323934208
1011608786954477568
1011608758416433153
1011608751831441408
1011608748278927361
1011608696227618817
1011608677378416645
1011608653969928193
1011608649666580487
1011608642796380160
1011608639734472705
1011608529319448583
1011608486856314882
1011608396779286528
1011608359508893696
1011608338604482560
1011608320409571329
1011608318635364352
1011608223365857280
1011608177455050752
1011607989449580545
1011607986203176960
1011607960123006977
1011607795190456320
1011607525265936384
1011607459033763840
1011607307300556800
1011607284781285377
1011607198751862784
1011607143118721024
1011607098180947969
1011607097115627520
1011607062915272709
1011607016136114177
1011606995852554240
1011606895310856194
1011606772128378880
1011606742852087808
1011606741610528769
1011606737479233537
1011606703018831872
1011606671423148033
1011606669036486656
1011606640007630848
1011606631375777794
1011606559821049858
1011606542540558337
1011606540518862848
1011606493362376706
1011606478459998208
1011606376068599809
1011606303377182724
1011606252844142594
1011606228840173570
1011606145620901889
1011606031925948416
1011605896491913216
1011605892230516736
1011605804498243584
1011605750626570240
1011605641020964864
1011605622553337856
1011605600495636481
1011605574335811584
1011605568547459072
1011605529775374336
1011605514596175873
1011605513384218624
1011605467553026048
1011605426629218304
1011605406169423873
1011605269695094784
1011605244822867968
1011605230939770880
1011605210853269504
1011605161595363328
1011605154787971078
1011604960314830848
1011604932754137089
1011604892794814464
1011604876500045824
1011604865242550272
1011604789795393537
1011604689903849474
1011604688251310082
1011604684967239680
1011604660388532224
1011604648455630849
1011604509464752128
1011604479022698501
1011604469002506242
1011604463155580928
1011604453861011459
1011604425033601025
1011604321107169282
1011604289326927873
1011604267927592960
1011604172708433929
1011604168405082113
1011604123869990915
1011604088419704832
1011604054080933888
1011604042303275010
1011604023454109700
1011603992185593862
1011603935830990853
1011603893783072768
1011603879010631682
1011603808542248961
1011603802972151809
1011603721246175237
1011603638186397701
1011603508074692609
1011603439816728576
1011603344681586694
1011603311793983488
1011603254298505223
1011603239123464192
1011603237064060928
1011603200087126020
1011603160631300096
1011603152251080704
1011603122928738304
1011603116331020288
1011603044411297792
1011603041764761600
1011602991168749570
1011602885476483073
1011602882565681152
1011602825690996737
1011602759584493569
1011602752995291136
1011602719918960640
1011602595054579714
1011602573961453568
1011602530474905602
1011602508047937537
1011602504000442372
1011602501836201986
1011602489509138437
1011602486053015552
1011602380167745539
1011602368440487937
1011602316804452353
1011602248407945218
1011602201033236480
1011602178656567296
1011602099279458305
1011602093101154309
1011602016324456452
1011601925656195073
1011601907973087232
1011601875014209539
1011601842642542592
1011601787466452995
1011601775680458753
1011601753987538945
1011601751835897856
1011601718055002112
1011601688321560577
1011601566057496577
1011601419328159744
1011601374864445441
1011601368128344071
1011601347165204488
1011601292710604804
1011601263937638400
1011601247407833089
1011601244912279552
1011601209550098438
1011601208044347400
1011601197260771328
1011601037726306306
1011600979526111232
1011600833665003520
1011600828648579072
1011600827642007554
1011600798344712196
1011600777171886080
1011600727310045184
1011600682405826561
1011600634871721984
1011600601485053952
1011600546892075008
1011600525895323651
1011600501169905668
1011600420114968576
1011600347658424322
1011600334744182785
1011600304364818432
1011600231794925569
1011600210072653824
1011600208801787907
1011600197569449985
1011600191881965569
1011600140216479744
1011600137867624449
1011600134994644996
1011600101276610560
1011600093059997698
1011600080577683462
1011600048566743041
1011600012701298688
1011599926986510344
1011599923211464704
1011599875253948416
1011599871730704384
1011599850239070212
1011599800721117184
1011599773328138248
1011599744974639104
1011599725479563264
1011599693456072708
1011599672409018368
1011599665186435072
1011599630335926272
1011599581736521731
1011599519287476227
1011599467978649600
1011599448609312770
1011599194065338368
1011599185135759361
1011599160645210113
1011599125085851650
1011599117527678982
1011599090713550856
1011599040960745472
1011599007137837058
1011598974669729797
1011598955702988800
1011598920072552449
1011598908961611776
1011598885574381568
1011598851936006145
1011598812182339584
1011598760231784454
1011598748231897089
1011598744658305027
1011598744071139334
1011598711758221317
1011598623715577858
1011598578928832513
1011598575615336453
1011598550919208961
1011598548696293377
1011598523610083328
1011598464340381697
1011598443859595265
1011598420119826434
1011598319787888644
1011598298313043969
1011598298103386114
1011598197595176960
1011598197301669888
1011598171741605893
1011598018469093379
1011597918267207681
1011597906716045313
1011597893231349760
1011597549663342593
1011597535822139392
1011597489106030592
1011597470755848192
1011597428426985472
1011597309530996737
1011597251829956610
1011597226903261184
1011597202769219589
1011597189896966152
1011597185727811585
1011597109706018817
1011596957532475392
1011596898120200192
1011596862430810114
1011596796924133378
1011596788422336512
1011596745309065218
1011596676509978626
1011596655299309569
1011596621031837697
1011596579650891777
1011596513653481472
1011596442975252481
1011596370124398601
1011596369570738178
1011596362578911232
1011596313639583744
1011596308082290690
1011596250045706246
1011596209113399296
1011596198094913536
1011596130956857344
1011596095770808321
1011595981354389505
1011595965000658944
1011595913096097792
1011595823191339009
1011595805529116673
1011595791130136577
1011595779088289794
1011595715200671744
1011595699828461571
1011595622728830976
1011595619574734848
1011595592013942793
1011595574313934848
1011595516952698880
1011595490327171072
1011595464779665408
1011595459637284864
1011595443535470592
1011595428645793792
1011595375365513217
1011595354511433729
1011595347905400839
1011595331434352642
1011595299830165509
1011595285213122560
1011595261888483328
1011595217257066498
1011595201696157703
1011595167357288448
1011595160726196226
1011595156091531264
1011595149837787141
1011595143193997312
1011595062877118464
1011595054912278530
1011595052718723072
1011595002252873731
1011595000679948289
1011594977451929600
1011594962272735233
1011594937874300933
1011594932816052224
1011594932002279424
1011594931591360513
1011594925312495616
1011594882207453184
1011594876180488192
1011594836607143937
1011594834262491142
1011594793229737984
1011594728247209984
1011594699629629440
1011594695464701952
1011594685628993536
1011594683930300416
1011594679471738880
1011594566678573058
1011594502954364928
1011594487255224320
1011594473703333889
1011594464853233665
1011594463112777731
1011594431768637440
1011594185693061120
1011594174414503936
1011594158031728640
1011594121621000192
1011594090335621126
1011594071578734595
1011594045347557376
1011594043237814272
1011593995913396224
1011593992566464512
1011593979836686336
1011593972689620992
1011593966159106048
1011593939919491073
1011593934848561152
1011593932210393088
1011593922760531968
1011593907581288448
1011593889801785344
1011593874219978752
1011593873393676288
1011593804728733702
1011593792695291904
1011593717008830464
1011593700059897858
1011593699409743872
1011593670821154816
1011593618262552576
1011593573035364362
1011593544186957825
1011593511970529280
1011593467418632193
1011593467015856128
1011593431825702912
1011593263168610304
1011593213231206402
1011593202481188866
1011593192431652865
1011593157396582400
1011593094825996288
1011593082918330368
1011593080330510337
1011592959471620097
1011592900428394497
1011592866823483393
1011592734283632640
1011592692277628928
1011592676930535424
1011592668852445184
1011592633670660097
1011592604306345985
1011592590154747911
1011592533636468743
1011592459590230016
1011592372516421633
1011592359065333761
1011592292010987520
1011592258443833344
1011592246343454720
1011592190525673473
1011592145378168832
1011592011986751488
1011591957745950720
1011591858772774912
1011591804700037122
1011591797951385601
1011591747258994691
1011591664455045120
1011591625049600000
1011591581319737345
1011591567360999424
1011591489586171904
1011591453628252161
1011591445046874113
1011591380160864262
1011591365711392770
1011591361571762177
1011591320652124160
1011591137159667712
1011591007954198529
1011590909039820801
1011590689518473223
1011590676293804032
1011590675081687040
1011590629103685632
1011590625370820608
1011590623206477827
1011590616738947072
null
1011590583528419329
1011590577253732353
1011590485994074112
1011590379978809345
1011590346885746688
1011590277453242369
1011590259732303872
1011590247677865985
1011590147903774720
1011589997093408770
1011589980165234688
1011589943297282049
1011589933335760898
1011589856055701504
1011589782634401792
1011589770110046208
1011589608436625408
1011589552040005633
1011589446100226048
1011589421936840704
1011589367599595520
1011589351208374272
1011589335039307776
1011589283243790336
1011589239618920448
1011589231850999809
1011589215577141248
1011589174657417216
1011589168135368705
1011589130411704325
1011589111537459200
1011589101278126080
1011589088854540288
1011589061495140352
1011589054679396352
1011588893827792896
1011588864211849216
1011588818007478273
1011588730694656000
1011588678320295936
1011588455862886400
1011588393871007745
1011588344856432641
1011588319010947073
1011588317949906945
1011588113767034880
1011588054169948161
1011587903196160006
1011587883579400192
1011587876721655809
1011587802474143744
1011587795947646976
1011587759734214656
1011587642134327297
1011587634756546561
1011587500794634247
1011587500014489600
1011587455026376705
1011587424315682818
1011587417743220736
1011587388064387072
1011587363955445760
1011587326726823942
1011587269004808192
1011587170816200704
1011587089723424769
null
1011587075307655168
1011587030583861253
1011587016159649792
1011586975890100224
1011586965341384704
1011586941035384837
1011586917098389509
1011586899566358536
1011586834726563840
1011586819635359744
1011586779500171265
1011586763071082497
1011586679595864065
1011586671492714496
1011586577359867904
1011586561274777600
1011586542945652736
1011586515640647680
1011586453208535040
1011586374561083392
1011586352830349312
1011586268369752064
1011586260538970113
1011586242071465984
1011586104355586048
1011586103994912768
1011586090594168832
1011586086089449472
1011586026375077889
1011585845495812097
1011585843176321024
1011585831008702464
1011585823446364160
1011585748431200256
1011585600120590336
1011585592214290433
1011585591048224769
1011585540012085248
1011585468771729408
1011585460458565632
1011585443413053440
1011585432491085825
1011585420281475075
1011585366434959361
1011585359774388224
1011585346122010624
1011585330359697409
1011585325418700800
1011585273610866688
1011585048603131904
1011585010913153024
1011584965379870720
1011584949781172224
1011584667139629056
1011584644771434500
1011584588945162240
1011584554556063747
1011584399681445888
1011584326822178817
1011584323152162822
1011584222237265920
1011584177660194817
1011584087604293632
1011584017924329472
1011583983954612225
1011583965776502784
1011583960009396224
1011583931685195779
1011583876752400384
1011583817973420032
1011583746372456448
1011583732132827142
1011583675639660550
1011583615086579713
1011583595008417794
1011583542575296513
1011583497398571008
1011583496333201408
1011583494814920705
1011583484140408832
1011583387432189953
1011583339692732416
1011583311762874368
1011583309191802881
1011583275914145792
1011583252795219969
1011583221975244801
1011583182943215617
1011583106430701568
1011583100076347392
1011582921264783360
1011582848447500288
1011582848225218562
1011582832781688832
1011582788544450560
1011582770517282816
1011582626115870721
1011582623557308421
1011582599955918848
1011582548617646080
1011582500823617536
1011582450781257730
1011582419462434816
1011582383504658433
1011582327187746816
1011582269243392001
1011582242588626945
1011582224267870208
1011582099114024965
1011582095158849536
1011581903999242240
1011581876371443712
1011581871803781120
1011581844691783681
1011581800341295104
1011581789507407872
1011581738244628480
1011581699204009985
1011581537375215617
1011581482559827969
1011581472984260609
1011581464381657088
1011581330616934400
1011581228154281984
1011581148491927552
1011581103554154498
1011581075171237889
1011581072193282048
1011580997987692545
1011580975342608385
1011580948528459777
1011580937971339265
1011580920640532480
1011580899249590272
1011580648392462337
1011580536345722881
1011580483799568386
1011580355554566147
1011580272775782400
1011580262277267456
1011580177988685827
1011580152042618880
1011580129309614080
1011580079116349440
1011580043338878977
1011580014205292544
1011579948472131584
1011579925030227968
1011579885519810560
1011579884257333248
1011579839319506944
1011579832264687616
1011579831815991296
1011579829106462727
1011579766644858880
1011579764530929664
1011579720906039297
1011579658851307520
1011579292445298688
1011579227400007680
1011579162308509696
1011579025796620288
1011578943424655362
1011578931214979072
1011578930824974336
1011578855059066881
1011578849975525376
1011578809504522242
1011578726281342976
1011578630181277696
1011578593347096576
1011578556487487488
1011578384785268741
1011578362127626240
1011578332599738369
1011578313201078273
1011578242262884352
1011578219433283585
1011578160096448513
1011578156040540162
1011578102164738048
1011578075161776128
1011578028156182528
1011578010519199744
1011577987085623296
1011577970173988865
1011577965862322177
1011577906613706753
1011577877832355840
1011577867619233792
1011577781292019712
1011577709586210816
1011577459106570240
1011577430383865856
1011577393318891521
1011577339447316480
1011577318710661121
1011577313564209153
1011577234614726657
1011577211651002368
1011577201765085185
1011577178486706176
1011577087503659009
1011577051910983680
1011577025696591872
1011576803591360512
1011576776328441856
1011576668815699969
1011576402364305408
1011576393057165312
1011576375168389121
1011576330968805376
1011576323419058181
1011576300610490368
1011576253499965440
1011576219945426945
1011576192380661760
1011575850544893952
1011575704889282560
1011575608437026816
1011575433350012929
1011575347429683201
1011575285953769473
1011575281373638657
1011575269826727937
1011575237824086016
1011575181016526848
1011575157285163009
1011575151937380352
1011575018868785153
1011574950715645952
1011574782352031745
1011574738362294273
1011574734306402305
1011574728090374144
1011574657189863424
1011574568702574592
1011574294130909185
1011574221321859073
1011574212232908800
1011574205387825152
1011574041931538432
1011573929062883328
1011573898423529472
1011573890362019841
1011573812901576704
1011573798242484224
1011573788058816512
1011573787161251840
1011573766361681920
1011573636493402113
1011573589227790336
1011573540263428096
1011573454942990337
1011573331219369985
1011573323929653248
1011573265532440576
1011573200881422336
1011573177078702081
1011573060372189184
1011572888678424578
1011572879350226944
1011572801084456960
1011572700035284997
1011572649775063040
1011572391485542400
1011572376574754819
1011572374163116034
1011572366076530691
1011572315207929858
1011572282811039746
1011572282450272259
1011572111331250181
1011572099796951040
1011572083074240523
1011572027172556800
1011571927054520320
1011571921417310208
1011571888399765505
1011571652986068992
1011571606873833473
1011571534304108544
1011571414388891648
1011571353928036352
1011571300685484032
1011571246297907200
1011571231370436608
1011571208331104257
1011571046418386944
1011570995478564866
1011570983902367744
1011570925337133056
1011570868110221313
1011570558104932352
1011570510843535361
1011570338088579072
1011570328940761088
1011570321856647169
1011570292718690304
1011570215874940931
1011570174577840128
1011570138146115584
1011570103475933185
1011569784746598400
1011569768825016320
1011569696485847046
1011569686927077376
1011569638436753408
1011569429644234753
1011569386728120320
1011569371247005696
1011569326816743424
1011569320143532032
1011569181005885440
1011569071123501056
1011568959177547776
1011568923249184770
1011568921235902465
1011568919830810624
1011568825765113857
1011568767904645120
1011568766331781120
1011568722429992960
1011568691480334336
1011568673058885632
1011568538430132231
1011568529974259712
1011568323736240130
1011568243599990784
1011568226415890433
1011568168295333888
1011568119213625344
1011568115757481984
1011567908596666369
1011567784185221122
1011567738207158272
1011567700508889089
1011567645517406208
1011567564718268416
1011567411206721537
1011567276703744003
1011567267535040512
1011567147577819136
1011567142779719680
1011567062572044288
1011567049418657793
1011566982922145792
1011566960197427200
1011566884989407233
1011566805687717890
1011566781041868800
1011566758069768193
1011566596781985792
1011566448760836096
1011566406020878336
1011566350504951808
1011566298499723264
1011566246473666560
1011566230921273346
1011566161975283712
1011566090730790912
1011566039002374144
1011566002625269760
1011565987735490565
1011565913907310598
1011565791777624064
1011565770365636609
1011565758164455425
1011565612307484673
1011565531067973633
1011565462684135424
1011565384279916546
1011565341577801728
1011565285864890368
1011565237890420736
1011565113223143424
1011565061146636288
1011564994763386881
1011564838886297601
1011564760142401542
1011564756820484097
1011564754719125504
1011564748280918016
1011564740148060160
1011564737283256320
1011564735236583424
1011564734825533445
1011564617305346049
1011564489311911936
1011564470458560512
1011564418197590017
1011564415580344321
1011563929787650048
1011563917552865286
1011563754939650050
1011563732789587968
1011563539289473025
1011563492296409088
1011563478446993409
1011563310913814528
1011563056416030720
1011563055161978880
1011562791872991237
1011562771564154880
1011562734004133888
1011562723031879681
1011562695508873216
1011562243534868481
1011562143085416448
1011562021136097280
1011562018581762048
1011561888520364032
1011561735474556930
1011561704793296897
1011561694013747201
1011561596399779840
1011561569489211392
1011561417668022272
1011561396918767616
1011561332875907072
1011560803609300992
1011560763226542080
1011560624827052032
1011560467624611840
1011560463052595200
1011560289358286848
1011560271545098240
1011560123045687296
1011560076992237569
1011560072076505089
1011560051658645505
1011559921098330113
1011559840118984704
1011559689564368897
1011559686443814913
1011559511402926080
1011559212760084480
1011559021508210688
1011559011169243137
1011558920484216832
1011558835545362432
1011558752678539265
1011558662773641216
1011558294396125185
1011558158375030784
1011558156168761344
1011558132928188416
1011558107909120000
1011557923833696257
1011557760331321346
1011557728530165762
1011557713275445248
1011557706619150345
1011557699719483392
1011557586934620160
1011557583574962176
1011557398945910785
1011557391140311041
1011557348505210880
1011557124802048000
1011556624685785093
1011556588644130817
1011556346330845184
1011556214457716742
1011556205632933888
1011556085969240065
1011555942301945856
1011555871984422912
1011555832113319936
1011555810776895488
1011555715008417792
1011555598452887552
1011555223511412736
1011555189483065345
1011555183409549313
1011554856413335552
1011554781259862027
1011554682609774592
1011554493752840192
1011554430615867395
1011554341226938374
1011554243457814529
1011554199488860160
1011554094295797760
1011554072443408385
1011553862740856833
1011553779794219008
1011553472917827585
1011553472376795136
1011553441351544832
1011553421172731904
1011553226146140165
1011553176284168192
1011553032285442048
1011552867877031936
1011552730937217024
1011552416871874560
1011552364262776832
1011552312941318144
1011552265818263552
1011552263603712000
1011552147606003712
1011551961244725249
1011551955922059264
1011551447152918528
1011551179715809280
1011551154499710976
1011551109406654464
1011551072878514176
1011551019237560320
1011550962719313920
1011550815495090176
1011550737376075781
1011550715595186176
1011550516126633984
1011550479506173952
1011550393749274625
1011550221338398725
1011550182939324416
1011550172512305154
1011550153587621895
1011550037879480321
1011550035828461568
1011550007240118272
1011549890881695745
1011549844043960320
1011549683838316544
1011549671553150978
1011549550685941760
1011549526996475904
1011549267155210240
1011549263736770560
1011549159416090624
1011549107939368961
1011549082731601920
1011549024242012160
1011548972287254528
1011548860089556992
1011548639678926848
1011548517691772933
1011548223880785920
1011548214443565056
1011548041025937408
1011547468176281600
1011547381777625089
1011546717664268288
1011546656465178625
1011546452697534464
1011546396980404224
1011546258757087232
1011545989558226949
1011545904384565248
1011545898097111040
1011545784712646657
1011545765355941888
1011545627031932928
1011545195777855493
1011545190501437440
1011545046338895873
1011544945361080320
1011544364361879553
1011544322163003392
1011543753646067712
1011543430672023553
1011542761777123329
1011542482302140423
1011542077904248832
1011541819505639424
1011541416139509760
1011541245540360192
1011540723655692288
1011540278270939136
1011540179658604544
1011540017183887361
1011539751483138049
1011539580762361856
1011538484144803840
1011538246764060672
1011537814897471488
1011537425766772737
1011537120526299136
1011536516840067072
1011535878127214592
1011535556201865216
1011535237048922113
1011534979367690245
1011534728397287424
1011534605743058945
1011534555789053953
1011534116469297153
1011534065676275712
1011533967827324929
1011533603069669377
1011533477844520960
1011533310579871744
1011533194661892096
1011532935827255296
1011532450097520640
1011532342966571009
1011532175815016450
1011531661333422080
1011531267160985600
1011530793649344512
1011530753274974208
1011530557803687936
1011530415767769090
1011530372482568192
1011530268342210561
1011530082068914176
1011529151784849413
1011529076291629056
1011527705664344070
1011527485069189120
1011527318194421760
1011527252893261824
1011526859648045056
1011526588838662145
1011525990487601153
1011525451955699712
1011525289518694400
1011525176746528768
1011525016540925952
1011524941101989888
1011524712197967872
1011522782239354880
1011522582871502849
1011522271708672000
1011521955076497408
1011521062214012929
1011521020480708608
1011518444280442880
1011517487291215872
1011516906816360449
1011516889183457280
1011516453307191296
1011515593948712960
1011513770768764929
1011513591193833472
1011512704308273153
1011511259437715456
1011510034889465857
1011509201372434432
1011509121231851520
1011508804410888193
1011508575024250880
1011507618152701957
1011507067385991168
1011506392694509568
1011505981799456768
1011505736164265985
1011505719106002944
1011505707009695745
1011505662310920192
1011505205740032000
1011505195887538176
1011505172101652480
1011504934972526593
1011504710073937920
1011504562333724673
1011503584696061952
1011503313576169472
1011502588443971584
1011501656356208640
1011500815083868160
1011499905012158464
1011499839119556610
1011499595015360512
1011499328324550656
1011499287526535168
1011499109746970624
1011498929769283589
1011498451249651712
1011498382672777217
1011498273952055296
1011497731766939648
1011496897205293057
1011496655697469440
1011496603893444608
1011496245800718336
1011496226066456576
1011496062568108032
1011495594865643520
1011495528205635586
1011495287553232896
1011494971705319425
1011494968391815169
1011494923097423875
1011494629814951936
1011494275605987328
1011493758461009920
1011493536703893504
1011493268004179969
1011492976311271424
1011492349828972544
1011492211618271232
1011492157989924864
1011491863096782849
1011491403967467520
1011491369808990208
1011490732476022784
1011490433397075969
1011489469407604737
1011489243242385408
1011488498820534273
1011488238815477761
1011488177578790912
1011487647573905409
1011487636609855488
1011487596843884549
1011487552522604545
1011487290995208192
1011487116356935681
1011487093883920385
1011487044424511488
1011486724126597122
1011486555876151296
1011486227760074752
1011486141516640256
1011486064916287488
1011485826637860866
1011485703358894080
1011485574740488192
1011485262566830082
1011485070807437313
1011484920919846912
1011484689859796992
1011484590895173632
1011484409382354944
1011484003956711424
1011483766597013504
1011483544126967809
1011482857737457664
1011482330962284546
1011482241862692864
1011482104645890048
1011482103337320453
1011481903088599040
1011481751770677248
1011481554109980672
1011481550255460352
1011481446522019840
1011481313889734656
1011480967016525826
1011480858837078016
1011480743346954240
1011480700305002496
1011480645334421504
1011480498118451201
1011480468003450880
1011480355638054912
1011480224628912128
1011480186926215168
1011479560326529024
1011479160437596160
1011479052249526272
1011478812469518337
1011478268061585408
1011478159022346240
1011478151728455680
1011477837012963328
1011477775268679681
1011477631055867905
1011477336905089024
1011477319083614208
1011477147972784128
1011476647990693888
1011476350035734528
1011476328703545344
1011475926474002432
1011475592728973313
1011475187450236928
1011475100850274304
1011475068084477952
1011474774571257857
1011474365630693376
1011474352406228992
1011474267303829505
1011474113452560384
1011473953385275392
1011473362047004673
1011473145662988288
1011472992663031808
1011472930046431232
1011472846189678592
1011472773389176832
1011472621332938753
1011472542685491201
1011472012693393409
1011471709176848384
1011471648690761728
1011471277700407296
1011471201301090305
1011471125421801472
1011471108422463488
1011470833087406080
1011470274657734661
1011470017848922112
1011469990749335553
1011469216241868806
1011469200211116032
1011469129138597888
1011468505575821317
1011468493513023489
1011468343856058368
1011468092046757888
1011467861561257985
1011467717566713856
1011467658674491392
1011467090346364930
1011466920401539075
1011466754617462794
1011466628134047751
1011466625986514945
1011466503319965696
1011466368783388672
1011466305055199233
1011466060342743040
1011465972509626368
1011465971645779969
1011465908760600576
1011465210618662912
1011465206554419200
1011465188208496641
1011465020105003008
1011464799132233729
1011464608736038913
1011464180086575104
1011463847650131968
1011463834555449344
1011463602233139211
1011463534528618496
1011463416173735936
1011463222824718336
1011463213693710337
1011463205242036225
1011463046806597637
1011462963520139266
1011462829902352384
1011462667092090880
1011462629523644416
1011462394088833024
1011462178975698945
1011461625361174528
1011461498525319168
1011461482146607109
1011461467143581696
1011461057171283968
1011460404537643009
1011460394295099393
1011460022101069825
1011460016677810176
1011459811236446208
1011459583506776069
1011459497850699776
1011459404875620354
1011459278140403712
1011459120937996290
1011459109282107397
1011459081931026432
1011459031058337794
1011458891337601025
1011458807623495680
1011458752602570752
1011458737930825729
1011458719929028608
1011458622684090369
1011458575858847750
1011458515871731712
1011458497274417152
1011458224334278656
1011458205174714368
1011458173754957824
1011458039214247937
1011457742354173952
1011457683982086144
1011457660355530753
1011457488779083776
1011457367546978306
1011456531240505344
1011456409899331589
1011456298196652032
1011456189526310912
1011455857874407425
1011455797216210944
1011455730942177280
1011455484166131712
1011455455749656576
1011455402133901312
1011455224718950400
1011455211314057217
1011455142032334848
1011454920850067456
1011454722333691904
1011454693103554562
1011454419945295872
1011454371417219073
1011454280648175617
1011454216479690752
1011454209135390720
1011454194182754304
1011454187886895104
1011453512981602307
1011453326838255616
1011453287504203776
1011453275860684800
1011453273969176576
1011453046474149888
1011452927880261632
1011452871999619072
1011452780878311424
1011452646794899456
1011452600724619266
1011452501781024768
1011452436723195906
1011452330653442048
1011452202773344256
1011452000599281664
1011451929849888768
1011451919649386496
1011451524831203328
1011451354894798848
1011451281246949376
1011451180160045057
1011451125566849024
1011450953122410496
1011450923011461120
1011450880686788608
1011450838693208064
1011450794711896065
1011450793629798400
1011450723320631296
1011450710590799872
1011450700168036352
1011450696691003394
1011450680027082752
1011450619318685696
1011450618375000066
1011450582618529792
1011450470286659591
1011450448920961029
1011450357573210112
1011449723151110144
1011449530561302529
1011449505861029889
1011449466229022720
1011449293071372288
1011449011931410432
1011449000388648965
1011448942377259010
1011448909447794688
1011448869023109120
1011448863541071872
1011448828254392320
1011448798508388353
1011448759576866816
1011448587388096517
1011448567104450560
1011448478835277824
1011448401165209600
1011448296383111168
1011447936729874432
1011447642252042240
1011447528380919808
1011447356171145216
1011447225812180992
1011447171244285952
1011447057834561536
1011447051207442432
1011447024804343809
1011446879014588417
1011446867937431553
1011446823632932864
1011446742435422208
1011446601762705408
1011446428223361024
1011446426101043201
1011446420128321536
1011446372489400322
1011446356592996352
1011446202305536005
1011446112002232330
1011445995362832384
1011445994934996993
1011445798071033857
1011445778672472066
1011445697072324611
1011445548644171776
1011445355421028352
1011445187699232769
1011445022422597632
1011444885625495552
1011444521085886464
1011444499015520256
1011444497241255936
1011444456787234816
1011444315330174977
1011444282757124096
1011444146790420480
1011444067069243393
1011443725594169344
1011443654756618240
1011443577585479681
1011443437697208320
1011443405812101120
1011443302938365953
1011443294784507904
1011443069399552000
1011443021047648256
1011442937140600832
1011442663302877185
1011442577562841088
1011442520239235072
1011442464958369799
1011442297391714304
1011442031661445120
1011441936195112960
1011441839252082689
1011441733639524352
1011441712701423616
1011441540374388741
1011441482597847040
1011441415832813568
1011441380231647233
1011441361319428096
1011441288502226944
1011441223368871936
1011440800788570112
1011440574757523456
1011440549386219520
1011440315129987072
1011440313863458816
1011440236554080257
1011440196083216385
1011440095910612992
1011439889819291649
1011439849868529665
1011439695245533185
1011439674425008129
1011439655835889665
1011439486457335810
1011439485039579136
1011439454794534912
1011439297088585728
1011439240402612224
1011439211889733633
1011439162321522688
1011439066196381697
1011439002929565697
1011438859840819200
1011438792216121344
1011438749039976454
1011438743956414464
1011438698175631360
1011438476259221505
1011438430897700865
1011438314425946113
1011438155709517824
1011438086302109696
1011438030228316161
1011437912381181952
1011437824288133121
1011437776754135040
1011437775818764288
1011437459736088582
1011437433232257024
1011437355536961536
1011437216743256065
1011436889340104704
1011436557994258434
1011436463047602176
1011436454843740160
1011436402192633856
1011436379568508930
1011436293019066374
1011436065775869952
1011435810854457345
1011435734782365697
1011435675663720449
1011435674044596224
1011435657787592705
1011435571972050944
1011435473657651200
1011435454397337600
1011435366233059328
1011435353377574912
1011435182409347072
1011435015341772803
1011434741122437120
1011434597123608576
1011434578995765248
1011434262904569857
1011434247347990529
1011434239030648832
1011434204398268416
1011434065927528448
1011434049125089282
1011433932506595328
1011433885564010496
1011433859504918528
1011433858619801606
1011433826957045760
1011433741540093953
1011433698187620354
1011433566151020544
1011433564137840640
1011433389717622784
1011433321635729408
1011433281080954881
1011433176303104001
1011433146049581056
1011432921373212672
1011432903450951682
1011432749272653829
1011432699263967232
1011432276150968321
1011432209805430784
1011432172350304256
1011432134106603521
1011432117845164032
1011431908603985920
1011431895773663241
1011431773010628608
1011431736977383424
1011431735169601536
1011431372945350657
1011431304871571457
1011431012876931072
1011431008519053313
1011430966370463744
1011430855011643392
1011430768583888896
1011430600899735552
1011430332594352128
1011430135541698562
1011430095729373186
1011429861372628992
1011429532430209024
1011429526444920832
1011429411973926912
1011429353454952448
1011429339898867713
1011429337982226433
1011429328838647808
1011429298769743872
1011429105588473856
1011428987594330112
1011428854651543552
1011428570994966529
1011428568788848640
1011428528603189250
1011428519224758272
1011428484139405312
1011428470918873089
1011428260532707330
1011428220489609217
1011428089455435777
1011428086708101121
1011428014494609409
1011427879744307200
1011427784525271041
1011427782692352001
1011427776312872960
1011427685493628930
1011427588965879808
1011427579717472256
1011427568925409280
1011427560465620992
1011427456836702208
1011427456077697024
1011427425291513856
1011427348045008896
1011427333704769536
1011427331863404544
1011427233469292545
1011427095875063814
1011427040522891264
1011426963708432385
1011426611126833152
1011426565606035456
1011426384294694912
1011426358612975616
1011426072842457088
1011425994043879424
1011425971843497984
1011425942651142144
1011425645346410496
1011425485639897088
1011425469089148928
1011425440752431105
1011425438994960384
1011425148300349440
1011425051046969349
1011424880447746048
1011424749724061696
1011424560330072065
1011424547394990081
1011424393292021766
1011424204351332352
1011424200337297408
1011424185971863552
1011424043990507522
1011423997656010753
1011423938331717632
1011423826096283650
1011423689311752193
1011423622840213504
1011423569476284417
1011423458973179905
1011423274977226753
1011423237874634752
1011423179338903553
1011423019896590336
1011423016041971713
1011422976514895872
1011422894495281152
1011422704791052288
1011422612063490048
1011422509303025665
1011422349911085057
1011422344252936192
1011422270538113024
1011422248283070464
1011421918229082117
1011421903897223169
1011421886251720705
1011421853632561154
1011421742869483525
1011421698644762626
1011421587772452865
1011421494411329536
1011421491429244928
1011421374714347521
1011421350706196480
1011421348676210688
1011421199430311936
1011421131470000128
1011420902943330304
1011420850573193216
1011420788371722241
1011420591734304768
1011420541025218560
1011420537619435520
1011420517658591232
1011420411098099712
1011420360280068096
1011420145170944000
1011420048139878400
1011419879868596226
1011419778735538181
1011419750935785478
1011419662008111105
1011419590579183617
1011419567627886594
1011419523101151232
1011419452934672387
1011419444059541504
1011419404830150659
1011419331769454592
1011419318981218305
1011419225062281217
1011419119332286465
1011419112134840321
1011419095332524032
1011419073815736320
1011418927010852864
1011418792998645761
1011418645996736512
1011418495752507396
1011418408351600640
1011418108798611458
1011417937381593088
1011417856918073346
1011417843131469824
1011417817122594816
1011417761195745282
1011417759459217418
1011417723958489090
1011417653330792448
1011417612230823936
1011417568433717248
1011417100244717568
1011417001493979137
1011416887425716225
1011416789417447424
1011416775735554048
1011416588044693510
1011416450471546880
1011416439952171008
1011416328417275904
1011416303050133504
1011416251787120641
1011416165523034113
1011416085738938369
1011415949105352704
1011415904175960064
1011415903727247360
1011415768607555584
1011415751482322944
1011415601187876864
1011415573538967552
1011415488772083712
1011415440105660416
1011415423466852352
1011415372015325190
1011415225784913920
1011415191945404416
1011415172794212352
1011414895546589186
1011414842631180290
1011414834351656960
1011414619775094784
1011414431052517376
1011414416989016065
1011414251548938241
1011414203578511360
1011414120179142656
1011414009768218624
1011413986418585601
1011413984728186880
1011413948891983873
1011413942424555520
1011413893611249666
1011413812820373506
1011413703831506944
1011413678921584641
1011413653231370241
1011413603986141185
1011413595492499457
1011413581001306112
1011413503348019200
1011413484641357824
1011413432933941251
1011413345860243456
1011413151211032576
1011413062144884737
1011413018935164930
1011412801712214016
1011412358219038722
1011412171471933441
1011412161590190082
1011412147677597697
1011412090865750017
1011411975954468864
1011411867590447104
1011411852427956224
1011411820098170880
1011411724409417728
1011411541449760768
1011411537364430848
1011411481978499073
1011411478296125441
1011411242735595520
1011411140063170560
1011411126855323650
1011410961633292289
1011410862530125824
1011410734251757568
1011410595873247235
1011410409990033413
1011410316188684289
1011410280595804161
1011409945613488128
1011409879679078400
1011409837077524480
1011409749160742915
1011409689492492288
1011409677794643969
1011409644600922113
1011409371899875328
1011409250575413249
1011409113417502720
1011409093112881158
1011408953845006337
1011408847037173762
1011408821267378178
1011408671203524608
1011408648218796033
1011408548083924992
1011408537241686016
1011408409487437824
1011407889670565891
1011407808875712512
1011407750314758144
1011407747034828802
1011407701077909505
1011407694278819841
1011407675802910720
1011407655611654144
1011407476422598661
1011407364744994816
1011407347267375105
1011407189297287169
1011407153599479808
1011406858928771072
1011406738195705856
1011406734567591936
1011406390970155008
1011406265820614657
1011406263161380865
1011406249232097280
1011406234896011264
1011406215182737408
1011406181179580416
1011406136673734656
1011405952791310336
1011405897418072064
1011405783622389760
1011405576935559168
1011405525379141632
1011405485046722560
1011405382902829058
1011405288191201280
1011405286157012992
1011405073912479744
1011404873844355072
1011404609183801345
1011404605073383424
1011404569681846277
1011404479479058432
1011404455919702016
1011404416887525377
1011404363569553408
1011404218417205255
1011404033066717186
1011403861926572037
1011403831454916608
1011403776438231043
1011403640643260416
1011403623992102913
1011403588474671104
1011403507948310528
1011403474247081984
1011403390285500417
1011403185733369857
1011403071723835392
1011403046251909121
1011403014429728769
1011402940152729600
1011402831755137024
1011402820057206785
1011402780970573824
1011402601068421122
1011402551516975104
1011402509179670528
1011402429584363520
1011402377679654912
1011402218736640000
1011402139191693312
1011402127263129600
1011402110431264768
1011401973147373568
1011401961923661824
1011401920651509760
1011401876556931072
1011401825344466945
1011401668351709184
1011401574600585216
1011401542837075969
1011401468849606657
1011401417289068544
1011401400583106560
1011401311856807936
1011401173511778304
1011401152510898176
1011401053227626497
1011401009485279232
1011400895119216642
1011400863863238656
1011400783491891200
1011400578373767168
1011400543615496193
1011400428934909952
1011400354469240832
1011400150130933760
1011400039565025280
1011400036352253953
1011399994807652361
1011399892852453377
1011399849462419457
1011399727903072257
1011399324348178432
1011399313715613696
1011399293402525701
1011398987432300546
1011398973041659904
1011398778627207168
1011398696322392064
1011398638570885121
