915003367595720704
914997814438060032
914995513749114881
914994680852631552
914993276675076104
914990282927755264
914989689488232454
914988512512020480
914988327618727937
914988073217351680
914987911212396546
914982112478015495
914981616677683200
914981304374095872
914978416222289920
914975149732098049
914973205743448064
914962257091710976
914955615893463040
914953051575746567
914947919203246080
914946115480489989
914945479837876231
914941996401352705
914940520299974656
914934745502322689
914929346560843776
914916583612600320
914903427926257664
914902406697070592
914899556063694853
914894645238345728
914894019007844352
914891772949647360
914889600618975233
914888998379769856
914881410300866561
914867585732165632
914867023582253056
914862926439235584
914856385916964865
914856300621725696
914837780311695360
914814851444297729
914806585427247105
914769802891104256
914755566076956672
914899619347394562
914866688683802624
914836206654980097
914755101591523329
914745579615514625
914990415631097856
914986593076858881
914969085657657345
914922411027456000
914822809704124416
956011210419462144
1012735702663155712
742391717404499969
742313225887174656
742122304835100676
742116421379993601
742116370683465729
742116369630650368
742116364924649472
742116319496142852
742116189787283456
742116152055320576
742116134330245120
742030931683315712
742030452769185792
742026843910340608
742023675927486464
742019960357060608
742017455950794753
742016481978920960
742008966008479744
742006817249579008
741984431796162560
741983430435569664
964175809425625088
964175264153591808
964173781882335233
927685085050130432
927684908839047168
927684233870630913
927684183358623744
927684088235986944
927683623393878016
927683371991527424
927683297450381312
927682857404981248
927682480685109253
927681693070356480
927681663173246976
927681388907761665
927681006521352192
927680962846081024
927680927303483392
927680306265681921
927680055307915264
927679497079373824
927661915521695744
927636230870831104
927589492818632706
927580561744564224
927574113073487872
927561813914542080
927560685260767232
927559573199876098
927535210677329920
927518263113932800
927511055961608193
927491825769828352
927468219631374337
927460399204663296
927451117042257920
927447431805009920
927438352659468288
927415209488035840
927413711756607488
927395233255641088
927361688327860225
927345426818322433
927344252018876416
927343906882064385
927342388279996416
927341691174096896
927335122977902592
927332356524044288
927332191616593920
927331597581303808
927330879822815232
927326033690312704
927326004632260608
927325852483932167
927324623787757568
927315619955007488
927314690191093761
927308204597428225
927305020650983424
927295296220090368
927295207288311808
927284699420033024
927267071502815232
927626176365060096
927615889540775938
927601716895330304
927400793099128832
927347601313271808
927319253774057472
927315276273733632
927303282929709056
927289179490439169