956315571267690496
956313978744971264
956311789687492610
956309699573551105
956309653738070016
956308964291043329
956308299598606336
956307062157430790
956306305492303872
956306151125200896
956305667454832641
956304523672334336
956304409071374336
956303791288193028
956303576732708864
956303485812682752
956303130764902400
956302892402589696
956300930709905409
956299999285010432
956298118999363584
956297779604807681
956297311348338688
956296182380355585
956295780263964672
956295626982961152
956295536101019648
956295204360871936
956294817725628416
956294668458844161
956294001375752193
956293991359766528
956293813785583616
956292744615419904
956291637373792257
956290160253075456
956288746319527938
956287350228815872
956286424365649921
956286293108981762
956286038883803136
956285996894752768
956285702907551744
956285528097243140
956285124064116736
956284833587703814
956284096472170501
956283527963729925
956283160664379393
956282941675421696
956282926148325376
956282850856366081
956282831910592514
956282062692081664
956281476559106048
956280486476767233
956278625753448450
956278345037053955
956276024945401857
956275955600850944
956274827932790786
956273493674471426
956273349625225216
956272948473556995
956272877287899136
956272612933603333
956272310146617346
956271566366617602
956270255285862403
956270104274022400
956269736672878592
956268927771803648
956265740260257793
956265435867025410
956264421944381441
956264002820112386
956263929528729600
956262855619334144
956262803534483456
956262716548763653
956262652115869696
956262616804069377
956262223932022786
956261742610333696
956261581440077824
956260437057789952
956259693999075328
956259596913360896
956259557109624832
956259021060804609
956257852208963585
956257755236585472
956257408631955458
956257318781399042
956257251806908416
956257186753150976
956257143048622081
956257055463084032
956256908754739201
956256539806924800
956256518432698368
956256509616300033
956256386073186305
956256204950351872
956256148847443968
956256098310385664
956255971088719873
956255832836014080
956255824506011648
956255805505986560
956255483798654976
956255413107752960
956255245910364160
956254998760951808
956253888822194176
956253746790465536
956253312709357568
956252939068338179
956252398607052800
956251482000674817
956251372311203840
956250563364171776
956250416450215936
956249881257172992
956249677892112385
956249406457765889
956248816180744192
956248786644422656
956248292081377280
956247917228011520
956247651602722816
956247033265999872
956246431706198016
956245970844516352
956244313750540288
956243164372840448
956242560955174912
956242406818701314
956242309653323777
956242221983940608
956242040605593600
956241680562343936
956241344237883392
956240171279798272
956239933554872320
956238553150717952
956237963427540995
956237548677976066
956235590445477890
956235198244454402
956235116149436416
956233878015897600
956232211619045377
956232029443674118
956231496565747713
956231012781969408
956230095018057729
956229342715174917
956229292656025600
956229211269804038
956228675514626053
956228459767975936
956227739262111744
956227671419219968
956227670886506496
956227022069620738
956226359918870528
956226159632515072
956225455585153025
956224871914029056
956224696818851840
956224567588130816
956223750072135680
956222688862834693
956222019594530816
956221206570692609
956220047495745536
956219782654767104
956219382463696898
956218886080421889
956218098138472449
956217979473100801
956217429281165313
956217357948485632
956217115727495169
956216867563163649
956216387323793408
956215042810277888
956214524088143872
956213957957771270
956213447506780167
956212374163415042
956212212594626563
956212124019298305
956212102682824715
956210723658625024
956209518547013632
956208247010222080
956208221714305024
956207705080791042
956207540345417728
956206724205174784
956206585755373569
956206409858732033
956206257886629890
956205800694755328
956205793145118720
956205634839547906
956205602438598657
956204926870401025
956204733169000453
956204366482083845
956204246499823617
956204191755657216
956203569400524801
956203398298308608
956203244941963264
956202970449924097
956202635186417664
956202526222835712
956202451438358529
956201841338888192
956201550313132033
956201081830281224
956200915647725569
956200853551054849
956200488239853568
956200101357244416
956199889574289409
956199759945109504
956199352304889856
956198864897310720
956198860250013696
956198665856671745
956197753134174211
956197374380134400
956197278661906433
956197155202650112
956196960351997952
956196792097492993
956196601776631808
956196287455440896
956195948711030785
956195269837774848
956195052581253120
956194972314800130
956194813615001601
956194240178028544
956193616774553602
956193478966431744
956193063663292417
956192044996878336
956191873923780608
956191578367946752
956191384066813952
956190537014480901
956190020318171141
956189109378105344
956189001643446272
956188575200088065
956188539770859521
956188316277362688
956188188132892672
956187453022498817
956187061517561858
956186102242664448
956185899007590400
956185605116973056
956185503522422784
956185275587268608
956184991351934976
956184877015105536
956184805363933185
956184800166948865
956184656067551232
956184464027275264
956184373073768448
956184116751421440
956183930373361666
956183465204076544
956183238552248320
956183223171780609
956182836633133056
956182706605477890
956182517358481408
956181865492353024
956181862241656832
956181507755925504
956181500596285440
956181420623491072
956181388834852868
956181323043008512
956180599924056064
956180394923253760
956179527021056000
956179238180311040
956178784654274561
956178656434401281
956177842764763139
956177061831471109
956176615175802881
956176182122352640
956175632265654274
956175432013008896
956174637246943232
956173684795936769
956173609789214720
956173574787694594
956173319820251136
956172707531407360
956172675574939649
956171735002357760
956171728245415936
956171614013435905
956171302187995137
956170373405593601
956170187698524161
956170098015862784
956169447991054337
956169394492755968
956169001335492608
956168589228363777
956168567879323648
956167935051132931
956167695753412609
956167600429522945
956166090874347520
956166027636871168
956165852457521152
956165523422793729
956164953022451712
956164877038518272
956164351215403008
956164180167593985
956163159462760448
956162941677637633
956162714740674561
956162371831193600
956161818388463618
956161546781995008
956160962402377729
956160240428441600
956160050380267520
956158707276054528
956158168782004229
956158001542463488
956157465376288768
956157066984517634
956156512396894208
956155164494266369
956155056230928384
956154415194492930
956154336865812481
956153191393058816
956153015987253248
956152823066103808
956152695672406016
956152689443966976
956152605519986690
956152040471912448
956152017088466949
956151915594870784
956151783692361729
956151672673390596
956151610983448577
956151417223434240
956150980147646464
956150667105718273
956150497966047233
956150452839690246
956150208194367493
956150180625158144
956149962211020800
956149322822844416
956148959210328065
956148128079589376
956147738265247744
956147594727747584
956147536380809218
956147290024087552
956146515822764032
956146281138741249
956145850815860737
956145781056122880
956145256013225984
956145131559833600
956145103533477889
956145039436075008
956144165544394752
956143539309678593
956141789576093697
956141562743857152
956141139303813121
956137319546761216
956136541792931840
956136211470528513
956135504734539776
956134756009349120
956133790228852737
956133578622078976
956133578215251968
956133389295333376
956132453088980995
956131922257702912
956130043515883520
956129807368155136
956128457334968320
956127337850068992
956127241523679233
956124268043145216
956124036865626112
956123513676550145
956122411082108928
956121524876046336
956119222211563520
956112850027769856
956109634317766657
956108081632612352
956103287928950784
956103042537009152
956101304354566144
956100636486991874
956098008378216448
956097792388280320
956095623693873152
956089041304346624
956088370542804993
956087196099919872
956084990760058880
956083769043292160
956083216393392128
956081894457712640
956080909354061824
956080420214452224
956076793374666752
956076220978024450
956072610110066693
956067894944845825
956065584520810501
956064939063508992
956064765394276354
956064474347261952
956063611402715147
956063345811099648
956062225944412160
956058991825694720
956058306463879168
956057348023472129
956057192788000768
956057021404545026
956055623598264322
956055170353385474
956054890786246656
956054264794710017
956053297328205824
956053243834060800
956052698205425664
956051468582342656
956051368288161793
956051182207856641
956051154609287168
956050598612361216
956050296135970816
956050156453064705
956049026511790080
956048511447035904
956047448681656321
956047448581050368
956046978135285765
956046848598380546
956045988103446528
956045231409057792
956044958733164544
956044801148899328
956043951475175424
956042719822000128
956042714742771713
956041393507569665
956041304701652993
956040803771658240
956040675056898060
956040653804331009
956040591640596482
956040268767289347
956040078802980864
956040040932610050
956039458377388033
956038080758190080
956037100343787520
956036957834022913
956036847565770752
956036840196333569
956036783288061952
956036741244309510
956035469506211840
956035441366618112
956034934292078594
956034841476255749
956033375218913280
956033263440711680
956032695519404034
956031903106322432
956031738219782144
956030901636476933
956030570999566340
956030432587468801
956030394071216128
956030134242496513
956029921939337217
956028747890745344
956028621831000066
956028348454621185
956028251444580352
956028200043319298
956027984183427072
956027785872662529
956027346410229760
956027102414942213
956026943975149568
956026093953314817
956025947760857090
956025606189322242
956025441688739840
956024910505283585
956024621391929344
956024286715809792
956023915318476801
956023855281328128
956023731356348417
956023722661556224
956023575173099520
956023532907122688
956022541117739009
956022351497453568
956022306832375808
956022267263234048
956021735714848770
956021660091600896
956021604353527808
956021006824550400
956020997152526336
956020305692123136
956020243079598081
956020174469173250
956020012267040768
956019522825326594
956019107144589319
956018967105167360
956018685369610245
956018431022772229
956016923229204481
956016279055491072
956016226005934081
956016086989856769
956015965015244801
956015930747817985
956015838955483136
956015732202135557
956015384922075136
956015064611422208
956014854216867840
956014822797332480
956014396899319808
956014349306531840
956014304540598272
956014192330502145
956013705468305409
956013497321705478
956011228207501312
956011210419462144
956010735590694912
956009333879459842
956009267017998336
956009182750216192
956008995033989120
956008955020365826
956008529931857920
956008421270188034
956007944444719104
956007700273430528
956007061795557376
956006470117715968
956006450010230784
956006413356224513
956006272423415808
956006173509083136
956005868125921280
956005430320234496
956004895894650880
956004848763310080
956004363641806848
956003672076546049
956003583312277504
956003330056126464
956003101277859840
956001511015878656
956001444188053505
956000836886368256
956000490998857728
956000188866310144
955999445308538882
955998957720743937
955998838354882561
955998533756186625
955998326792564743
955998311097491456
955998159502798848
955997745537474561
955997182934601729
955996702317555712
955996659632300032
955996134287163392
955996070386921472
955995631214104576
955995175725105152
955994861488009216
955994624765685760
955994331390906368
955994046593351680
955993831920594949
955993619764310016
955993465849987072
955993457289461760
955993457159372800
955993446145081344
955992263754051584
955991874959003648
955991374062596096
955990555275624448
955990158477811719
955989294929162241
955989284724633600
955989150632685568
955988834210189312
955988775393419265
955988516491661312
955988124437483520
955988006099472386
955987994586091520
955987933047246848
955987547720749056
955987409010876421
955986317581565953
955986002161659904
955985620077178880
955985390762184704
955985363725635584
955985165834211329
955984681039626240
955984669983543296
955984664635891713
955984536885702657
955984446880141312
955984384573739008
955984232043618304
955983888135917568
955983825414361088
955983780497543168
955983721412227072
955983646942547973
955983281274675201
955983068384305152
955982737026011136
955982719137148928
955982568968474624
955981715926896641
955981336568713221
955981003746504704
955980585255743489
955980249757462529
955979266793070592
955978997787189251
955978800101318656
955978586623680512
955978013132324864
955977774753288192
955977215308681217
955976833115344896
955976362589933568
955976213679374336
955976127796924417
955973842639441921
955973732861804544
955973605124444161
955973169210372097
955972791752421376
955972317313552385
955972273407758337
955972056411189249
955972021195886593
955971914266218496
955971908251435008
955971873405329408
955971839582498817
955971631029145600
955971602927243264
955971525789696000
955970811487227905
955968444696027136
955967622541176833
955967542077640706
955967379766423552
955967144990330880
955966941155549185
955966510475894784
955966337221844994
955966053229715457
955965798601969664
955965345105313792
955965248204345344
955965213991301120
955965146710540289
955965044189204480
955965008608886784
955964405648412672
955964342314393602
955964278812626944
955964243131723776
955964218523648005
955964177453146112
955964167256715264
955964007030181894
955963615009533954
955963543450456068
955963085340233728
955962936001998848
955962542001713152
955962399579951105
955962397230903296
955962392134987776
955962346815541249
955962072784781312
955961739568386048
955961710522880002
955961651425173506
955961485498265600
955961334058778625
955960882173022208
955960508867325952
955960109800202240
955960052116008960
955959988048056320
955959712255791110
955959476095463425
955959049517969408
955958752351588352
955958615940194304
955958566795563008
955958497526648833
955958284455948288
955958280290959362
955958092889542656
955957962882912256
955957159287836673
955956666771693573
955956610056294400
955956351439687680
955956314890489857
955955870382350336
955955668154019840
955955473047461888
955955295884333056
955955015587418112
955954666893905922
955954551135195137
955954543858249729
955954020266467333
955953461929107456
955953324733485062
955953099537108993
955952941223079936
955952794200039424
955952680949645313
955952534291697665
955952324874330113
955952226979274757
955951694793371648
955951261005811712
955951242789998592
955950839813820417
955950656333983745
955950527820582912
955950052027064320
955949516225642496
955949134166585344
955949127879221248
955948823741915136
955948621588918273
955948575539810307
955948224317153281
955947452170997760
955947390934102016
955947247681851392
955947207554777089
955947183555137538
955947021042700288
955946920597426178
955946776254558208
955946716016070656
955946522297987073
955946431638130688
955946400830935040
955945781101563904
955945724847509505
955945629674622982
955945437164290048
955945189318766593
955944129585958912
955943857002303488
955943721941553154
955942689647874049
955942388052107264
955942261317025792
955941848476012547
955941765009301506
955941100195368967
955940977251946496
955940838919495680
955940418067288064
955939859046240257
955939799164162049
955939604967907329
955939509576880128
955938940040695810
955938643373383680
955938512586592257
955938473898332161
955938284001112064
955937288982319104
955937118056050689
955936856591470594
955936261218492417
955935988488032257
955935627773702145
955935378795651075
955934700589248515
955934365330104320
955934283998343168
955933528302260224
955933428389527553
955933187628290048
955933001753550848
955932898791706624
955932643220127745
955932538295521280
955932225366786049
955931750961745920
955931550293659648
955931394672332801
955931371582574592
955931298564071424
955930687542104065
955930220451782657
955929333989888003
955929295381319680
955928596346015744
955928562086961152
955928356310089729
955928313867927553
955928158007635968
955927971243659265
955927921478291456
955927866688049152
955927649045577728
955927509220151296
955927302155710467
955927224338624513
955927106587852800
955927081803755520
955926590013280256
955926399864442881
955926356122095616
955926163968307200
955925987572768769
955925700602712065
955925254848704512
955925057506889728
955925029413306368
955925008093798400
955924816443387912
955924579762884608
955924331682549763
955924329656614914
955924211607986177
955924200216190979
955923788209762305
955923771487080448
955923766231486464
955923741124411393
955922869728538624
955922847070871552
955922834110361602
955922729043156992
955922621178068994
955922486314627075
955922439929843713
955922272300257280
955922116997771264
955922093262196737
955922091441840128
955921881487458304
955921835425595392
955921795168776192
955921780320948225
955921065074724866
955921027221082113
955920906454433792
955920870433751040
955920429260201985
955920405113556994
955920349237047297
955920345109704705
955919775590469634
955919739808706561
955919370013745152
955919101406449664
955918840428339200
955918571959345153
955918509078450178
955918410847748098
955917916083388416
955917852183351297
955917403967442944
955917104166793216
955917065688440833
955916916530479104
955916733965045761
955916554834726913
955916190651691010
955916158619783169
955916131054903296
955915969939025921
955915893195923456
955915862774558727
955915692066287617
955915562865037313
955915444262785025
955915384271458305
955915152641089537
955914835509874693
955914695646633984
955914511852195841
955914462644637696
955914334479282184
955913879590125568
955913818655293440
955913520125640705
955913493471023105
955913474009387009
955912969568825345
955912940305174528
955912778119749633
955912763427246082
955912661547417606
955912365945643013
955912058020745216
955911497905033218
955911378405154816
955911303494881285
955911286977593345
955911111014002693
955911105611788288
955910996157173762
955910856281174016
955910801088569346
955910628421414913
955910500755345410
955910407339769856
955910325735477248
955910244751826944
955909997057249280
955909592428429313
955909346638073857
955909155763773444
955908830340308992
955908671174823936
955908335412244480
955908301568512000
955908280576020481
955907694463942657
955907491996618754
955907086403166208
955907059681234944
955906858832879616
955906409622917122
955906203019755520
955906142303019009
955905757677056000
955905544790814720
955905350892482560
955905233569316864
955905052962471936
955904978018865155
955904917302140930
955904326039457792
955904193901903872
955904146942636033
955904087144517633
955903981225574401
955903869015425025
955903832315367425
955903730439852032
955903587288338432
955903234048167938
955902943487758339
955902720027906051
955902532538249216
955902485314580480
955902381148979200
955902065900957697
955902009948872705
955901965648703489
955901805388582912
955901527687823360
955900839394234369
955900540281528320
955900157588942848
955900116304474112
955899820933136384
955899724405489664
955899385958813697
955897898142756869
955896473513807873
955896208932986880
955896146420838400
955894710677135360
955893605402578951
955891716728397824
955890026574958592
955889378101874689
955888945472008192
955887714712383488
955887426412654593
955887255750504448
955886839742779393
955886664739520512
955886604018597888
955886203185725440
955885060615323648
955884744515997696
955884642636259328
955883836398821376
955883369245454336
955882108232200192
955880815107350529
955880537687695360
955880194400808960
955879709958594560
955879111699738624
955879030808485888
955878770501668864
955878428275822592
955878150168133633
955877446456262656
955876968175566848
955876662499004418
955876226043756545
955875820169584642
955874939269206016
955874719022100480
955874155827728384
955874032372531200
955873987480846336
955873808593780741
955873432704561153
955872272501243905
955872013750493185
955871224214601729
955871031448584192
955865289475919872
955864335494144001
955863806340603904
955860589473013760
955857518961491969
955853461257629696
955851119149928448
955849229536321536
955845325658427392
955840647461851138
955838654680895493
955835736552542209
955835727887192066
955834360674111488
955825329561509888
955823416396976128
955822918503579649
955822148358234112
955821936092704768
955821224516452359
955820752472715264
955820384619716613
955819739653193728
955819350489030657
955817389106630661
955816839082315776
955816204563660800
955816187190968320
955814024691814400
956314969188036609
956313556143788033
956313232418988032
956312103845056517
956311924840521728
956311795895029760
956311491422179328
956311085950423040
956309704338223106
956307307205337089
956307005429440512
956304156771409921
956303372042326018
956302939194318853
956302667738906626
956302508892319745
956302505968852993
956302252951658496
956300974666211329
956300624995536897
956299413818953734
956293737277214721
956293072605908992
956291318619295749
956291167645241345
956288975559413760
956284710308732929
956282409238122496
956280790597472256
956280293928919040
956279104717783042
956277428921479169
956276221867937792
956274694012964865
956274634529366017
956274425246216193
956271795002363904
956271754946719744
956269563603283968
956269454878543872
956269184098471936
956268799891828738
956268055406968832
956267196065468416
956266925948010497
956262963912101888
956262096613896194
956260047373389829
956259127692611584
956258692613246977
956257847360282624
956253798602768384
956253551730315265
956253077019025409
956248262964629506
956246486668410880
956244477399699457
956243319448915968
956242117386555392
956241694579744770
956240788014452736
956236775931957249
956235103981719558
956233940402163713
956232702394544129
956228029914771457
956227939271692289
956226674474958848
956225220687343616
956224332258308097
956218989314756613
956218819399311360
956217590350827522
956217276801474561
956213207257018369
956212179929354241
956211545335390208
956211025258405889
956209356604870657
956207740359249920
956207736672440320
956206806489030656
956206286139478016
956203727731470336
956203412730892288
956201857793314816
956201569497829376
956201418863542272
956201390715686913
956199193806327808
956196969558499330
956196911068872705
956196128218861574
956196036640497664
956195288527622145
956195278842888192
956194231789457408
956193968622063616
956193349999976453
956191308128948225
956190504726691840
956189834636390400
956189262147440640
956188495583891456
956187495829590018
956186584533078017
956183871900520448
956183737187921921
956182800750862336
956182728457818113
956182458269097984
956181615809585152
956180617837842434
956180548661207042
956179757221203968
956177771528630272
956177590104084480
956177305466015744
956177052142534656
956174989010636802
956174508066516992
956174465452396544
956173294134325249
956172369105649664
956171438595198977
956170584999723008
956169817630879744
956167779626946560
956167532905459712
956165357978423296
956165285094088704
956165138335268865
956164901868855296
956163429122887687
956163141943156737
956162144374009856
956161480960946177
956161270805393409
956160331902083072
956159395246804992
956158244866707456
956157780527783936
956156476720140288
956156387419197440
956155237093560320
956152700835647488
956152638483107841
956151090738843648
956151019045556225
956150111544991744
956149972935823361
956149491773706240
956146266152538112
956145761586176000
956145380927922176
956141017576636416
956137146762612738
956136516018933762
956135493397368833
956133685161549824
956132296700170240
956128332201906176
956128163540631552
956127341910151174
956125270037204993
956123999276359681
956115661675286528
956114811691130880
956101474060206081
956091362671120384
956080260151435264
956073275221856258
956069296010035203
956058004088082434
956056080349585408
956052745198465024
956049856681869312
956047504382013440
956046755765932033
956043196580196352
956041059162886144
956039829535543298
956039213027414016
956039074397216770
956037980539506688
956037685642178562
956036145900552198
956035388359004160
956034155061628928
956033921975799808
956033891801890817
956033843894595585
956033599001841664
956033197611118593
956032671590879234
956032368388771840
956032365947772928
956032019775008771
956031609249193985
956031605293895681
956030577341235200
956030527433334784
956030399032983553
956030067255267329
956029781916704769
956029442043805698
956029405616394245
956027681073704960
956027675235233793
956027651059322882
956027643291492353
956026826543063040
956026523303202816
956026471503589376
956026077901705216
956025938692726785
956025779510497285
956025749810663426
956025601822994433
956025431072952320
956025351112716288
956025305784872962
956024888887857154
956024033681858562
956023507460198400
956023080039714817
956022984841539585
956022839232155649
956022611162685441
956022156349059072
956021307140968449
956020795402280960
956019942117249029
956019723011059712
956019502248087553
956019005734686720
956018964668256256
956018607577882625
956018459615350785
956018357559537664
956018048070234113
956017938309492736
956017820395065344
956017814413955074
956017182147833857
956013938205962241
956013211769335808
956011871529783296
956011428904931328
956011298994651138
956011208884326403
956010805358661634
956010585690378243
956010428697645056
956010254399139841
956009580043087873
956009460388057088
956009348953669632
956007334333083648
956007142439387137
956006756102090753
956005822269657088
956005604748865536
956005207867084801
956004955923668992
956004816802770946
956003537577799681
956002060197036032
956001796484489218
956001314642776066
956000291245129728
955999424983027713
955998733862342656
955998643873615872
955998545370406914
955998354986733568
955998032541167617
955997428808863744
955997333979791360
955996436113403904
955996048677273601
955995798302609408
955995725602656256
955995635211218945
955995310224011264
955994588027736064
955994417348964353
955994094337187840
955993826287595521
955993215345274886
955993098974359553
955992784485388288
955992745117700096
955992157902516224
955992052621348864
955991511656730624
955991118587547650
955991094105427968
955990548128649228
955990528759402496
955989726732877824
955989466598002688
955987705598480384
955986547983167489
955985547306192896
955985494042701824
955985258784190464
955985087211991040
955984365317652486
955984124606668800
955983662281101313
955983631671054337
955982980555657217
955982119041490944
955981590827593729
955981479884017664
955981021677277184
955980690742501379
955980433354907648
955979872047960065
955979664215945221
955978479325114368
955978387125932032
955978341605142530
955978307224395777
955978084267843585
955977942458421256
955977667047772161
955977078888910848
955976957585428480
955976820058480640
955975826092298240
955975340190519296
955974575715700736
955974345725304833
955974080733343744
955972769652576256
955972005781819392
955971797509443584
955970989132795904
955970969343946752
955970913450823683
955970866390732805
955970776309563392
955970450835869696
955970224813236224
955969997951700992
955969802392227840
955969728786436096
955969607218712576
955969000063807488
955968679287623681
955968604679360513
955968558743392256
955968436680757248
955968233399574529
955967584687607809
955967480316481536
955967147993333760
955966915167563776
955966628180750336
955965986762641408
955965682574876672
955965495227842560
955964882498834432
955964707436888066
955963966169190400
955963886792052736
955963839379574784
955962957606850565
955962608670081025
955962066875113473
955961780093800448
955961657272033280
955960842289283072
955960395088490498
955959921002074112
955958839945330688
955958558537015296
955958473501609987
955958127865810944
955957695017701376
955957511215075328
955957100823371776
955957065813344256
955956997018607616
955956948813443073
955955882621374464
955955844256030720
955955218663034881
955953853618442244
955952320331833344
955952152203223042
955951959936327680
955951928902606848
955951422771814400
955950989818949632
955949986029690887
955949501797322753
955949365163692033
955949084531044352
955948326192648192
955947796770811904
955946413615173632
955946382552158209
955945641003356161
955945220750929920
955943822101504000
955943454521090048
955942892190687232
955942826910642176
955942473775374339
955941946060607488
955941520691122176
955940715783184384
955939488248803330
955939279297040385
955938164631310339
955938000726319104
955937129745584129
955934918579810305
955934865513435136
955934215710834688
955933177226448896
955933022087467014
955932152046252032
955932040511344640
955931232319279104
955931027976974336
955930500929028096
955929781941530624
955929556380278784
955929191022817282
955928120988708865
955928013723586560
955927750963023873
955927693786304512
955927539960205314
955927026841595905
955926694170415104
955926365454430208
955923501873016832
955923124003983361
955922241404985346
955921993785896960
955921804585062401
955920537083174914
955920535157919744
955920466149068800
955920392891269121
955920314050981890
955919624230621185
955919600905994240
955919437420314624
955919413986947072
955919323155042304
955918622102302721
955917986912710659
955917514575360006
955917138094632961
955915459236331527
955915429855268864
955914174760136705
955913833939456001
955913626187071490
955912670485602304
955912638533394432
955912223586701313
955911385535385600
955910107384213505
955909477433270272
955908510662975488
955908458364264449
955908369847595015
955908063013335040
955907640739160065
955907479170355208
955907338757697537
955907084851273728
955906839966863361
955906284724932608
955905571076571136
955904914261250051
955904774926487552
955902871215722496
955902728168984576
955902293790150657
955901835176435712
955901034077057024
955900435545538560
955900102165581824
955900039943131136
955899775882317824
955896833456435200
955896747049541632
955896602027352065
955896277123952642
955896110782074880
955895274337177607
955894129514434560
955893259208978432
955893234496147456
955893052782137345
955893022637678593
955892947404419072
955892788876533760
955892425922416641
955891060080824321
955890423993692162
955889904587821056
955889378718633984
955889029978959872
955888555351560193
955887811466616832
955887650115899395
955887584982388736
955887196275343363
955886999600291840
955886900140761089
955886621953441793
955886617188818944
955886138060926978
955885931172687873
955885664373002242
955885552703889408
955884460922277888
955883704466878464
955883213913812992
955882862598934528
955882315334463488
955882301195522048
955880193587142656
955879676525850624
955879409461817344
955878785349570561
955878770191339522
955877695786807301
955877602874535937
955877505130483712
955877503985479680
955875917443862528
955874956965023744
955874197309444096
955872818473955331
955872746717761536
955872744645775360
955871122196783104
955871044161671169
955870851315970048
955869488527872000
955869276019265536
955868695808618496
955868660723101696
955867202141466624
955866890953543681
955866824905822208
955866556071862274
955866531644223489
955865750954266624
955865616262541314
955865398649540608
955865291174678529
955865208785907712
955864642760380417
955864540788510721
955864354796208128
955864032896077824
955863922321645570
955863834669076480
955862844548907008
955862395238436864
955861615278280705
955861090797277184
955861061193707520
955860754380374016
955860692883660800
955860340314660864
955859364623024128
955859253792854017
955859036917981184
955858933695959048
955858752657244160
955858427669970944
955858284887662592
955856853279412224
955855604022726656
955854070534803457
955853999319678976
955853743471329280
955853720750907393
955853289819721728
955853106838933507
955853048731054080
955852074528509952
955851799084392448
955850908096659458
955849509447315458
955849175643586560
955848919514312704
955848906147074050
955848712626081792
955848638588243973
955848365606137856
955848349135048704
955848127940096000
955848112374996992
955848094612185088
955848026224029696
955847234742079488
955846452839927813
955846101109702658
955846099654373383
955845449218478081
955845399675273216
955845052034580480
955844719451475968
955844606381514752
955844156898889730
955843868133490688
955843462288609280
955842416614965248
955842085751607298
955841297654386688
955841176736854016
955840762524073984
955836847153995777
955836775997599746
955836706393067520
955835571569614848
955835477852086272
955834984526475264
955833756199325696
955833424928964610
955832883377266688
955832652648546304
955830927996997634
955830763055927296
955824377265782786
955823633024344064
955819096477749251
955818762623770625
955815850732343296
955814905596334080
956315390316982273
956314766070333440
956313541887213568
956313347858796546
956312913433825280
956311865382064128
956311610313854977
956311395775246337
956311165814083592
956311105722339328
956310946166685696
956310238784868354
956310135021981697
956309309092257793
956309303228616705
956308994154315776
956308740474535936
956308373208752129
956307925529759746
956307503968645120
956305465121673217
956304217538465792
956302571282534404
956302411970285568
956301850877288449
956301614247112704
956301363465609216
956300830533136384
956300280844320768
956299950811439106
956299571864498176
956299569863606273
956299201171701760
956299004630855681
956298819444133893
956298547699138560
956297269053046784
956296999481102337
956296626443882496
956296501348708360
956296424194424833
956294699366707200
956294354880094208
956293545975001088
956293220157329413
956293141925122048
956293031010938880
956292861858902017
956292689082843141
956292659026546689
956292298073047040
956291094727159809
956290943908503554
956290712282238976
956290668305047552
956290350485786624
956290298019106819
956290216016392193
956289647008780291
956289623403016192
956289163233579008
956288785653870593
956288778485817345
956288659770298368
956288094621392896
956287912051535872
956287708523106306
956287294985576449
956287174332203009
956286803077627904
956286698266157056
956286352991117312
956285306180812806
956284803183071232
956284521074364416
956284200713207808
956284143330979841
956283756473659392
956283563439136775
956283478227628033
956282980917391360
956282793146937345
956282400019046400
956281794898243588
956281734596907008
956281727437094912
956281519009554434
956281383189495808
956281340856430594
956281305729257478
956280374325338114
956279323945730049
956279314319896576
956279169297477635
956278770482036736
956278287537442817
956278241500725248
956277928903417857
956277858401443840
956277662451937280
956277533032333312
956276974632165377
956276525430697984
956275961988767745
956275744694587392
956275537462272001
956274791056539649
956274499179175936
956273161905025024
956273107056066560
956272831087697921
956272685490888704
956272629647802369
956272457345839106
956272198951477252
956271830192590849
956271495952654336
956271244814503938
956270755792039937
956270699919765504
956269648885907457
956269642221154304
956269496171483136
956269184068939776
956268945484468225
956268912412319744
956268648435453952
956268640663371777
956268626796978176
956268491539189761
956268396009705472
956268388338122752
956268302313107458
956267977896316929
956267658856554496
956267612459089921
956267572546195456
956267443806265345
956266892431327233
956266646556966912
956265978551259136
956265975011266561
956265787869843460
956265702603726848
956265665266040832
956265646718889984
956265628574285825
956265273086050304
956265030932205569
956264382996058115
956264364318871552
956264190121074690
956264119547592707
956263908460949505
956263765812461568
956263497381437440
956263324395610112
956263102844100608
956263088885587968
956262971998482432
956262890234830848
956262733317488640
956262732164190208
956262192390856705
956262016812949504
956261814987317252
956261790710681602
956261687820210181
956261338178867201
956261119655579650
956260903091167232
956260283558912000
956260110099238913
956260094005608450
956259613392879616
956259497219014656
956259458384121858
956259305942081541
956258861056487425
956258728373661696
956258161266016256
956257945741922304
956257940691763201
956257811029114881
956257763805425664
956257526806405120
956257401971159040
956257385278070784
956257274594562055
956257145569402880
956257056276844545
956257042527694848
956257031832338437
956257027566682113
956256830593802241
956256633654452224
956256622078128128
956256325960286208
956256243747819520
956256128605868032
956256121941086209
956256021546258432
956255805849915392
956255722743980033
956255680461230080
956255566577487873
956255282887348224
956255244437962752
956254337038249985
956254235410169858
956253642457210880
956253127400976384
956252850752913408
956252767634579456
956252570477060096
956251987129044993
956251161148952577
956251030475321345
956250916516057089
956250593496051713
956248598714478593
956248253263212544
956248192055640065
956248182752673792
956247571105804288
956247317044080640
956247248475643904
956247145513861120
956246948977238018
956246948012609537
956246910087680001
956246818454679552
956246782593310721
956246456460914688
956246429680447489
956246411581861888
956246292966993920
956246160938745856
956245728246026241
956245458451554304
956245411106209792
956244770619195393
956244457497726976
956244081822363648
956243920786153472
956243489477468160
956242950081646595
956242095681007621
956241482674925568
956241474076729344
956241105779085312
956241039618080769
956240917157081089
956240044297093121
956239774330818560
956239596261728256
956239478296891398
956238945645420544
956238098744184832
956238022999027712
956236808668422145
956236616456200192
956236448847581185
956236433571958784
956236150917615616
956236073209704448
956236021292773377
956235449705443329
956235420572020741
956234615982768130
956234598802890753
956234378853670913
956234362714025984
956234042856431618
956233796910768129
956233699875487744
956233677519900674
956233485110439936
956233347306545152
956233335856091137
956233221821423616
956232976538349575
956232707494866945
956232272105046016
956232183731154944
956231878478090240
956231586139209728
956231515351977984
956231434401804288
956231178700447744
956230833504948224
956230351487160321
956229478463700992
956229371152551936
956229202780545024
956228774206480384
956228358970494977
956227966463283201
956227834443280384
956227779342856197
956227547351707649
956227287103475716
956227060766142465
956227048028057600
956226594837852160
956225069369446400
956225054823583746
956224880797716486
956224265199800320
956224094873292800
956223833815638016
956223419737092097
956223343673446400
956223093923549184
956222556687814658
956222070752530434
956221632149823488
956221340310228992
956221337378459648
956221186823815168
956221071518134272
956221067692998659
956220872972521472
956220842660245504
956220638468956161
956219974581760000
956219659484835840
956219409202405376
956219314343948288
956218807349055488
956218429719035904
956217973513039872
956217583711252481
956216717088317440
956215953989173248
956215702372757506
956215490376028160
956215195142995969
956214171699482624
956212760861466626
956212104180174849
956211945052483591
956211443577294850
956211166170185729
956210866038427648
956210390899331072
956210348859805703
956209730862673920
956208222829981696
956206635826819072
956204796691718144
956203433815674885
956203054919012353
956202896474898435
956201991532961792
956200987118641152
956200204985950208
956200202825805826
956199961045037056
956198557614313472
956197777566027776
956197681638068225
956197578655252481
956197073094893568
956197041780113409
956196954417041408
956196696362442752
956195800329138176
956195750270111750
956195379715993600
956194937497882625
956194653430312960
956194443383554054
956193916281413632
956192947195834368
956192834192904192
956192724012724226
956192500875702272
956191708747792385
956191552640094208
956191413275975680
956190939940233216
956190360316928001
956189803372072960
956189735835271170
956189485867380737
956189251967836162
956189031204876289
956189029581688839
956187432130670592
956187181344808961
956186722508840960
956185992590962689
956184919943806978
956184744689061888
956184576740732930
956184154009427968
956183769668571136
956183657244344320
956183419041533952
956181872358301697
956180907202932737
956180008313278471
956179247198072832
956178446970847232
956178443514929152
956178006028050437
956177728415457280
956177308112621568
956177086779142144
956176947574341633
956176876325801985
956176618581524480
956176418936848384
956176218981838848
956176161792552960
956176158332203009
956176108554203137
956175786188288000
956175102097481728
956175070187094016
956175049714733056
956174655219478530
956174625020366848
956174291367677952
956174132730908672
956174069006831617
956173990434889729
956173923565129729
956173543330414592
956173270042267650
956173259103522817
956173222843731970
956173117805744128
956172401414348801
956172357588148226
956172128692391936
956171651569340417
956171565598584832
956171446396518401
956171151885049856
956171000814686213
956170686942326785
956170539474632704
956169894529298434
956169249298567168
956169170185486336
956168740973961217
956168701174312961
956168667829485569
956168456113549313
956168350626959361
956168063505895425
956167630720610309
956167520783929345
956167302462038021
956167119426605056
956166700025634816
956165944946102272
956165750787596289
956165437502509057
956164432178106368
956164403598123008
956164255283376128
956163667795501056
956163327754932224
956163030986969090
956162667198136321
956162457600450560
956162374607757313
956161927125848064
956161909392330759
956161616005001218
956161527287033856
956161307824173056
956160756583747586
956160220052492288
956160016075157505
956159255731609600
956159098982158336
956158804227477504
956158548085440512
956158431228039168
956158359174033409
956158295982698496
956157501900230656
956157281888079872
956157279769907200
956156859009945600
956156594328350723
956156279583539200
956155747242598400
956155417872228353
956155395638218757
956155074635378688
956154970331631618
956154921790918656
956154605498454016
956154476506660864
956154168569286656
956153754398658560
956153295587938307
956152361562583040
956152136810811393
956152064861720576
956151740960837633
956151452367540224
956151395656372224
956151241943474176
956150556564901893
956150249348886528
956150059464364032
956149277193011200
956149169483341825
956148893124911105
956148772542726144
956147190430388225
956147189327253504
956145891748012032
956145799611715585
956145732330848256
956145469960290304
956145143954006017
956144865573855232
956144219843891200
956143782659051520
956143196526010368
956142841352392705
956142482022125569
956141659468828673
956141433999773696
956141250629029889
956140681923383297
956140436787224577
956140366054547458
956140083513569281
956139772485033984
956139724430872577
956138802904555521
956138251307421696
956137560463544320
956137189062168576
956137026159546369
956136617823166464
956136487086690304
956135797706682368
956135595100786688
956135494911516672
956135073543278592
956134992559697920
956133873154277376
956133307074449408
956133058624872448
956130528318631936
956129980622278656
956127021410738178
956122166944288769
956117306362376192
956108505785798657
956104634199834625
956096738703503361
956095631352676352
956094952873906176
956094923970895872
956094279612555266
956092657352065024
956089591819374592
956087912168411137
956086472767164416
956084784274558976
956083134877110272
956081445126262784
956080891813560320
956076961041969152
956076075938930689
956075764960710656
956074904046243841
956072207746256896
956071272378757120
956060281167384576
956054048456790018
956052535063834626
956051750397579265
956048586558537728
956046024816168963
956044474353967106
956044447573270528
956044402308284417
956044276303060993
956044085713932290
956043851369713664
956043280516513792
956043135313989632
956042744677486593
956042212504145920
956042185262104576
956041847767552003
956041382724071424
956040497591672833
956039240294551552
956038424997351424
956036855178383362
956036556560764931
956036129102450689
956035660191760387
956035183513350145
956034756965216256
956033622162706433
956033548955287552
956033365269975040
956032928403873793
956032124464844800
956032088381194243
956030446890045441
956029653218668544
956029209385857024
956028632983621636
956028474497617920
956028402774966274
956027620180791296
956026015700148224
956025308444086272
956024194667634689
956023792828067841
956023490687193101
956020546650738694
956020048149311488
956019651909181445
956019308680933377
956019038496395264
956018906161995776
956017099629047809
956016595586908163
956016450099208203
956015841153339393
956015548634161157
956015311815413760
956015279812653056
956014648729448450
956014637379674112
956013379424063490
956013345852870656
956012520652730368
956011863434846208
956011140961767425
956010575313608704
956010543176810496
956008111483031552
956007294604644352
956006552401563648
956005938313547778
956005612890021890
956004176517107715
956004020434345984
956003727281934336
956003375224672257
956001119322497024
956000795585077250
956000457083817984
955999322847539200
955998939026808833
955995757454045184
955994778335961088
955993025116823552
955992165301346305
955991585870831616
955990502184308738
955990046619746304
955988209594384384
955985255709556741
955985070405378048
955984267133247489
955983831298818048
955983746477432833
955983722850889728
955983669642002432
955983499797958658
955980587688517632
955980130433798145
955979423068471296
955978139783520257
955974610830307328
955974489153523712
955974033782194176
955973080966311936
955973080253218816
955972808118386688
955971862110048256
955971670459715584
955970970380046337
955970605655916545
955969272064434176
955966078475276288
955961703887286273
955960991715602432
955960135465230336
955958523782983680
955957472312864768
955956885194199041
955956658882203649
955955906742697984
955955807958585344
955955370517778432
955953220454682624
955951710010306562
955950769605369858
955946591982104582
955946257297629186
955944029547581441
955943995854667776
955943730208415744
955942910272339968
955942406221975553
955942261501685760
955938386187051014
955938075028242432
955937657258958849
955937193062694914
955933679741620225
955931575249551360
955931017705115648
955931008943063041
955930654310481920
955930623104909312
955930401620611074
955930058119622657
955929783094964225
955929289190289410
955929042384924673
955928853410664448
955928186969251840
955927465439903744
955927432430731265
955927181221355521
955925305281138689
955925124003303425
955924633324281856
955924604010319873
955923816206696450
955923521577930752
955923263879725056
955921174369771520
955920565654773760
955919062193901568
955918747126190080
955917583928176640
955913722333032448
955913642582650880
955911329675730944
955910511362703361
955909670102712321
955909043805024256
955908295889506305
955908178432135174
955907731671547904
955906775198457857
955906392837246976
955906040956059649
955906014674673667
955905446170292226
955905106578427905
955904059856379905
955903829328801792
955903690128310272
955902987792084993
955901944475697152
955901900767092736
955900871883345920
955897845898358784
955896277404798976
955894740691464192
955894634407903232
955894502362824704
955893891131150337
955892733750595584
955892515869155328
955892410248192000
955892181075509248
955891995771265024
955891752220545025
955891425060818945
955891126711418880
955890427546124288
955889916709429248
955888850949234688
955888835501555712
955888331371421696
955887821352390656
955887374206099456
955886858558255104
955886706061844480
955885013135863808
955884784160358400
955884529872289792
955883762390151168
955883273648881664
955883050201595905
955882598353453057
955882399501398016
955882150909247488
955881415438057472
955881047136391168
955879734029697024
955879269346959361
955877440395464704
955875471157116928
955875394443296768
955873251153997824
955872923570528256
955872635434315776
955871654449524737
955871627975299072
955870390353502208
955868827555831808
955868650514276352
955865275567607808
955865022093254656
955858101734952960
955846248531218432
955838592986775554
955833588716457984
955826947682074624
955825946002632704
955820633518206976
955818925383667713
955818832060231681
956309101113376768
956271520254447622
956270598199574531
956261959267246080
956261653405949952
956257195179507712
956212990772211712
956196771675308032
956180787606573056
956157532568997888
956146069842333696
956123467648299008
956091583828451328
956073347938508800
956068803703726080
956054191230869504
956051770630983681
956040316204863500
956015568615890944
956008462676299776
956002313554071552
956000139310661633
955996294178328576
955994471413551110
955987806500917253
955984873071706113
955977985559064576
955970429788844032
955960027294072832
955949181155397633
955941538520944640
955932799797571584
955931765847281665
955927955808583680
955925332456026112
955924234626371585
955915839135539202
955913903623426048
955911024720449540
955905528118611968
955905133803704320
955898887046344704
955893126190784513
955888316963897345
955881394789605378
955877833867452417
955871890215784449
955868629865725952
955861132308242432
955850230293061633
955845408546226176
955843915000832000
955842192408489984
955835132556038144
955834867291447296
955827416483627009
955822730674401282
956302108680245248
956299572120231936
956294588108623873
956293644666966016
956290197569900544
956288359474827266
956284838658674688
956273276594147329
956272771134345217
956269281154600966
956266969812164611
956262855707373568
956252920344862720
956246543379697664
956242251260350464
956237644568190976
956230145773256706
956228388339019776
956225094501707776
956215958464487424
956215537364692992
956213292015542272
956208665715007493
956204322756419585
956203396889042945
956200327858085888
956197809769926657
956196000766529536
956195285901959168
956184961907818496
956182183953170432
956179176020762624
956177586647961601
956177110028210176
956175682261913600
956173033168822272
956170706903076870
956168868447342594
956168750507606018
956167673800478721
956164823418535939
956162715223056385
956152351336910848
956152063263731712
956140712852062209
956134760664969216
956134346968195072
956115601784700928
956113726352052224
956108762871418880
956091405218312192
956088977248980993
956063648455282688
956041929195696129
956034360867786752
956030965306003456
956027345135177728
956020027723075585
956019901084422144
956019590441652225
956018896112443393
956018777753374722
956016502339198979
956014964828930050
956014635840409601
956014327517077506
956012664836296704
956011581976072194
956007260651708416
956004451491266560
955999836721082368
955999452715782144
955998958333104128
955997607943462912
955996825303076871
955995595541499904
955994982246223873
955994897143812103
955993668678189061
955993453355134976
955992626095943680
955992377201750016
955990486258511873
955987633775181825
955987079493816320
955985501525282818
955984697359712256
955983453257981952
955981011346698240
955980600174882816
955979617113866240
955977436721831937
955975516569391104
955974031882276865
955972125952761856
955969463236661248
955969189738696704
955968360415670272
955967606342733824
955966461029306368
955966405924589568
955966169621639168
955962886098169856
955960173780197377
955958831749746689
955957848890134528
955957584879673345
955957381116186624
955957352506720258
955957208746950656
955957165050728448
955956000779063297
955955704212393984
955955558267478016
955952471305785344
955951559677902849
955951490312626177
955950282843873280
955949055003131905
955948771451523074
955948684201558017
955948411030855680
955947666692853760
955947423406452738
955947297539526656
955947064315252737
955946703022149635
955946302700912643
955945333066031104
955944097386303488
955943890393198593
955943047916916736
955942390229032960
955942119428018177
955941765130878976
955939724107046912
955937708886646790
955936494149099521
955936053285834752
955935056840798208
955933964660826112
955933538444029952
955933198088884225
955932384016453632
955931164606283776
955930995798282240
955929636701134848
955928645121531904
955927369138794496
955926859472089088
955925762892353536
955924771635712005
955924449131421696
955924097808191489
955924027213844480
955923765858390016
955918895080267776
955915538076708864
955913699495219207
955913359861231616
955912693050937344
955910046113812480
955908937487929352
955907152169897984
955906912612159488
955906752410767367
955906722958397448
955906556989669381
955906347563970560
955905871225217030
955904953914216484
955904578666487808
955903712979030017
955903625137713153
955903102405742592
955901758915645440
955901091085996034
955900958596313089
955900857664589830
955900638835159040
955900261918273536
955899610924486656
955899553324191746
955899382435581952
955899200067325953
955899001534115840
955898864158027782
955896851844292608
955896834907693059
955896468547792897
955895624368578560
955894805799882752
955894496423759872
955894448008974337
955894408687349760
955894255070965760
955893624042115072
955893564621377536
955892371534831616
955892363427229697
955892258359906304
955892118165352453
955891925369933824
955891492756783105
955890874487013377
955890842979524614
955889966818742274
955889740963893250
955889596587536384
955888560921632768
955888283673821184
955887342191087616
955887013999403008
955887004721602566
955886931002449920
955886587212070912
955886511874019328
955886291543085063
955885986734596102
955885297794977793
955884809661943808
955884308434100224
955884232668217344
955884201726836741
955883185799356418
955882644356648968
955882534138777601
955882042885132288
955881992914112515
955881992851218434
955881664244277248
955880929867829254
955880803485016064
955880502866726913
955880342245859328
955879926632247296
955879741621497858
955879698873143297
955879496598597633
955879346950033408
955878870225424384
955878257974501376
955878196368543744
955877833515130880
955877662404349954
955877345159794688
955877247419867136
955876958721728513
955876925985185795
955876651514068993
955876595771805697
955876565774151680
955876247225200640
955876170691764224
955876036092325888
955875593668759552
955874934269665281
955874834172534784
955874706573484032
955874628878118912
955874601275478017
955874515438981121
955874198152413185
955874076802846721
955873881323180033
955873245072363520
955873136972615680
955873133830995969
955873096371761152
955872698911154176
955872664366845952
955872659493081089
955872541884735488
955872387278561286
955872330617585664
955872205887426560
955872171225739265
955872060265451520
955872058172469256
955871819407544321
955871270683447297
955871260902293504
955871107709587456
955871007457280000
955870655504900096
955870480812204032
955870214067052544
955869824625889280
955869604835987456
955869283447377921
955868095087828997
955867936903741440
955867882482733056
955867724382658561
955866786846724096
955866730538110978
955866428699303937
955866117653790722
955864731448995840
955864427722629121
955863398608199682
955863375791230982
955863131724697600
955862530789920769
955862413231960064
955862252296593410
955862086965518337
955862064458760192
955862030665347072
955861769834164224
955861722874589184
955861666088083459
955860566266007554
955860127025958912
955860126904344578
955859827359666176
955859744463425536
955859686716305408
955859438790938624
955859197836500994
955858845334671361
955858274355761154
955858240142696448
955857190312693761
955857029440135175
955856721892773889
955855278657941504
955854773361762304
955854041988280322
955853490596777984
955853155899727872
955853113331732481
955853065629859840
955852247946158080
955851420028276736
955850832523743233
955850338283778048
955848921519149057
955848367317377025
955848283813015553
955847982309564417
955847406456922112
955847285950308353
955847146208677888
955846903102693376
955846902708359169
955846855082037249
955846613339164672
955846428038868994
955845755608104960
955845162751676417
955844945255923712
955844824279724032
955844574865510400
955844496637378560
955844132789874688
955843831471190016
955843264569118720
955840644789882880
955839887202275330
955839537724448769
955837969277116416
955837043040546818
955836652072718337
955835924507701249
955835413372993536
955835177762254850
955834542639722498
955834190376984577
955833470739210241
955831738428743680
955830758626775040
955830389184061440
955830046450683904
955829564877438976
955827673925931009
955827601939066881
955827387626901504
955826944389668864
955826203218374656
955825824900485124
955825818009325569
955825634776727552
955823917729492993
955823587885240325
955823515365715969
955823450563719170
955823437716566016
955822857136824327
955821735584071681
955821507468562433
955820368492748800
955820005433618432
955817800983023616
955817479380586497
955816984939294720
955816918241312768
955816911694106625
955815390331981825
955814457602727936
955813705815609344