930936852688797696
930926574249050113
930921823910297600
930919688300875779
930914128826392577
930913802304081920
930912936054394880
930906670108168192
930887016874614784
930886969378213889
930884689170137089
930884034863026176
930878176690970624
930877916023422977
930872245844676614
930870244658126848
930870190429970432
930865736117080064
930864471681024000
930864257595527168
930864252029616128
930863609839722496
930863078878539776
930862921499926528
930862624622837760
930861397642117120
930856807068815365
930852237324165120
930851140081782784
930842794431614977
930841999942356992
930838841358925824
930837165155803136
930836901069819904
930836650510442496
930827398014226432
930827365835591682
930823488692088833
930819678812999680
930819387854131202
930818369313492992
930818239105552384
930817873655631873
930812540497653761
930810768030863360
930808646476451840
930804467380969473
930803579236990976
930803448013930496
930799319132852224
930797009715580928
930792032032800769
930790952159105024
930786954727317504
930784170317631488
930768901281079296
930764312163110913
930764047506604032
930757257389920256
930755075152244736
930747877390987265
930746472479510528
930729128537370624
930946135400660992
930922318670557185
930918940108234752
930916012265955329
930914866126303232
930914624807014401
930908235481133056
930907717106929669
930905186448691201
930903711055953920
930903519649034240
930902272048971776
930900870396510208
930899910811152386
930896178824146944
930895883817721856
930888526715129856
930888245709242370
930885740107513856
930882197371863050
930880527954935808
930880123561226241
930878546209394688
930871907905282048
930870791968665600
930869192047259650
930867859487465472
930866827328180247
930866777340465152
930866605432512512
930866275110215680
930866089457623040
930864490706382848
930863478058946560
930855992610324480
930853171559198720
930852358115934210
930852321700937728
930850168286732289
930849157199335424
930847504182132736
930845838397661184
930843501243322369
930842245946777600
930840442605842432
930837206759084032
930832814873878528
930830494157094912
930828552873893888
930825874450059264
930822215548809216
930819280408428544
930814008822845442
930813554155859968
930813290351128578
930812392619106304
930803401910349824
930803101996482561
930802684633931776
930801026562605058
930798934683013121
930795168663572480
930788843934175232
930784911577047040
930783628371492866
930782645406937089
930782356016832512
930781658243936256
930776427288395776
930744474162036736
930741760594235392
930731973903048704
930723143420964864
930720549403275264
930720482671955968
930712167002918913
930709026245169152
930708584014536706
930708356410544128
930705295327850496
930704463932817408
930704190107717632
930703919893942272
930700139647336449
930699408467021824
930694422391656449
930692631373516800
930687854182879233
930686838737600512
930679929850744833
930678014840659973
930673634607337473
930671761556934657
930670012725186560
930663238726860800
930662656079523842
930661776131203072
930661651921108993
930661386421547008
930660416404963328
930658112729690113
930657995637346305
930656555695071233
930650838120382464
930649305181970432
930649172553777152
930647799972139008
930647367925235712
930646094333165569
930643483416723456
930642889511710720
930642678286635008
930642669453414400
930642240225140736
930640224656519168
930639168681603072
930635885955072000
930635548187877376
930635148030349312
930635038286336000
930634406255054848
930633011023970304
930631102959513601
930628949075308544
930628624214056961
930625383443156994
930623284894425094
930622057863299073
930617067295739904
930616756229562368
930616448497496064
930612690845827072
930610908019265538
930609646523465729
930608471510196225
930606675450580992
930606331287031808
930605713528942592
930604711119433728
930600530430349312
930599358617260032
930598537313816576
930596941448269824
930595118452654080
930592698192470016
930592317626507264
930591084429819904
930588589087326209
930588517268209664
930581664266366976
930578213654249472
930576399731175428
930574393192960000
930573772612018176
930573755847286784
930572376017965056
930571767286063110
930570909550645248
930570726897197056
930569759522824192
930568909635194880
930568337901305856
930568138743103493
930568081646157824
930567266164338688
930566852933165056
930566646208409600
930566568429285376
930565818135355392
930563428032409600
930563363112935424
930562686437416962
930561891218481154
930561818438787072
930561202995916801
930560103622856707
930559532568403969
930559089628684289
930558675592282113
930557049091567616
930555826414034945
930555076145504261
930554494433230848
930554123576950784
930553689923731456
930553372926554112
930552995791609856
930552635152793600
930552427258007552
930551549981421570
930551543224401920
930551166307655680
930550911939706881
930550456287416320
930550200908648448
930549473780158464
930549164819202048
930549080203374592
930547970570899463
930547124911013888
930546865485033473
930546178097401857
930545271548678144
930545222328582144
930544761076944896
930544732576530432
930544255805902848
930542509675171845
930542017012101120
930541791790682112
930540831018180608
930539154106183687
930538828766388225
930537885257777152
930537815649243138
930537423439884289
930537281479471105
930536284753457152
930535418445090816
930534818206556160
930534403188539392
930534057821327365
930533810294444034
930533317241376768
930532928211230720
930530387574575104
930530321128288256
930529283201581056
930529082936307712
930528751909208064
930528567833661440
930527893360218113
930527750863011840
930527535678607360
930527518087454720
930527028599762950
930526771895721984
930526770490589184
930526242201309184
930526050345349120
930525971974967297
930525773089464321
930525534903250944
930524740959252487
930523667884314624
930523641686777857
930523320386310144
930523179793215488
930522800120651776
930521913826230272
930521645504012288
930521292465496069
930519057589243904
930513746811797504
930513510034956288
930513407211593729
930512175264817152
930509874831568896
930509584665473024
930507611996225537
930944593209602048
930942529704300544
930939891936038912
930937955241246720
930935494732537856
930935220622299136
930934145584205824
930932026525585409
930929714574880768
930925977785503744
930925596674179072
930925215114084353
930923282320289792
930923215345426438
930922988525858816
930922411997794304
930922273829203968
930920579141480448
930919836066004992
930914414336737281
930900819846811653
930899682506694657
930896239335313411
930891497301594112
930891038948028416
930890259038076930
930888478459662347
930887460434821120
930885356723073024
930884408697114624
930884149858123776
930883826305392640
930880664404201472
930878659648307200
930877452410273793
930876736769753088
930875818900721664
930872901191983104
930872156904476672
930871563980820480
930871127982747648
930869998469468170
930869680008396800
930868562473840640
930868411688554496
930867516695597070
930867275128819713
930866573459542017
930865816219684864
930865713811636224
930865087312777220
930864142608613376
930863977713692677
930859785867616256
930858402493976578
930854284014493696
930851933899784192
930848223052300288
930846634795290625
930840371902509062
930835134680522753
930834618990907393
930834478435508225
930832613450715137
930832440695906304
930829281311068160
930828764627570689
930828062815596544
930826840297570304
930826210803937280
930822870292422658
930822304870883328
930821998850334720
930821530883383296
930819571241558016
930819537930477569
930819227375755264
930818721349881858
930817658672599041
930817224570437632
930816448863326208
930815376547569664
930815211774398465
930814837646610432
930814681421307904
930813391412883459
930810718764507136
930810356649398272
930809629466152960
930809169380130816
930808469531308032
930807568972304384
930806115645849601
930803710422163457
930802753345146882
930797905702805506
930795192998924288
930792332424749057
930791683146571776
930785513845518337
930784808556412928
930784342577688576
930783954403315712
930783663045869568
930781365812867072
930780998765367297
930780085778497536
930779518087950336
930778286208061440
930777118010695681
930777076973686785
930777060477423619
930775818925674496
930769865941573637
930765954056892416
930763505489326080
930761510149799936
930758708837081088
930754104535764993
930751858817110017
930748981797367813
930748008815198208
930737601925079040
930737271711690757
930735975176855552
930728223503257600
930725528184721408
930725000671137792
930722319688798208
930943254509404160
930922165028847617
930915656421097472
930915493791268867
930915394868662277
930908257400520704
930905918207905795
930897071292293120
930890362893324288
930889999934881792
930884335464574976
930878311533748224
930873933603201024
930873337869242368
930871069220724736
930870596396879872
930863562871967745
930861492173340672
930860159823331328
930859583387471872
930837852065280000
930832210684514305
930831311928885248
930824947269885952
930821251790143494
930818243547279360
930805110518693890
930800727697498113
930791026318553088
930779522311606272
930777003040665600
930773925256146944
930762800409878529
930762150020124672
930741276403818496
930726049868075009
930715938483159040
930680711895543808
930668863137746944
930666646498349056
930663704647041024
930659331527229441
930659148961902592
930657178062675969
930644558701981697
930641167448006656
930640236132163585
930636375359180800
930636101009661955
930635949159063553
930634518549196800
930632791733051393
930628646640828416
930615042097025025
930610825500377088
930610722219868160
930609359029133312
930608479638712320
930607019387707394
930603235236343808
930599849489186816
930598477926514688
930598285651382272
930596198674608128
930593832990679040
930593221759004672
930591736581185536
930589356095504384
930583371750653955
930582388341723138
930577291050135554
930570565559115776
930569599497658368
930568382134476800
930566194721054720
930565690460917760
930560271801823233
930557395146649600
930557142997778433
930556974072135680
930555694469734400
930555171284938752
930553900293226496
930553432628490241
930551682924236800
930545162014486528
930544791242158081
930544727396511744
930542931236159488
930542492272836608
930542184939642880
930541214339948544
930539700766498817
930538647731961856
930538107681644549
930536148732203010
930535976924880896
930534632075935745
930534440048250881
930534376139522048
930534305641541632
930533729025626113
930533462494318599
930533002165100544
930532528036777985
930532433791012864
930532330074021888
930532173844660225
930531879588999168
930531737687416832
930530758485213184
930530463407489024
930529913043673095
930529889907650561
930529551788249088
930528340200497152
930528262471663616
930527898481647616
930526948148707328
930526247037288448
930525918690533378
930525858984476672
930525603748462592
930525496013492224
930524497362296832
930524339463581696
930524000010334208
930523626540998656
930522657782579200
930521928854654978
930521195249725440
930520246955495424
930519085326016512
930519019693604864
930518484278218754
930518107302649861
930518097278070785
930517972279549954
930517838531510272
930517620037533696
930517573594120192
930517281204867072
930516838689136641
930515926327353344
930515769363857408
930515350231310336
930514331694858240
930513987040628736
930513861052002304
930513202839945217
930512360791404544
930511459641184258
930509202417750016
930509177386143745
930509139658371072
930509092761763841
930508216458289152
930505207020183558
930503877882937345
930503234057330688
930502348631187457
930501827937763328
930501268988223488
930946611332763648
930944752521920512
930944328918122496
930944051276378118
930943730659364864
930943446474461184
930943359429984256
930942804863389696
930941094656970752
930940987903528960
930939636926570497
930938330258333696
930938074217041922
930937536851083265
930937259070812160
930937233586126848
930936914839977984
930936652687708160
930936240676982784
930934070103674881
930933769070051328
930933050481020928
930931853804044288
930931441088708608
930931206849482753
930930748592230400
930930609161203712
930929837904093184
930929618709811200
930929294376931329
930929216249520128
930928592149712898
930927313369403394
930927199640850433
930926588144824320
930926012040392705
930925966121107456
930925786026074112
930925563187007488
930924431521673216
930924220674072577
930924196389113862
930924128420356096
930923846080835586
930923703633895431
930922387431968769
930921219653799937
930920960202625025
930920712608604161
930920367576813569
930919638002790400
930918965857067009
930918521659371521
930917429651431425
930915688562163714
930914605693579265
930914491906252800
930914130231521280
930913711556055040
930913429547663360
930912810695000064
930912518838607872
930911574830800896
930911148685238272
930910781318709248
930910066387161088
930908994402693122
930908602273009664
930908571147087872
930908564561977344
930908373276614656
930908070330486784
930907418673913856
930907292949798912
930907117053243399
930906652760592384
930905255570747392
930904402734567424
930903134091784193
930900510722482176
930897936006782976
930897254335967232
930895940927365121
930895936670322689
930895927249981440
930895805657034753
930895193934573569
930894687656845312
930893904651608064
930893715517865984
930892895816577024
930892821242044419
930892623346155520
930892547689345024
930892043139801088
930892023967596544
930891993709981696
930891885329006592
930891520508645376
930891378539876352
930891233114886145
930891056165527552
930891025199108096
930890527377158144
930890417612128256
930890015781081088
930888636039446530
930888489914306560
930888488194596864
930888360322887680
930888299996155904
930888299786461185
930887721215598592
930887438297206784
930886824112766976
930886799173361664
930886546886082560
930886481908064258
930886177753677824
930885635329675264
930885503376912384
930884867486777346
930884426631917568
930883957876551681
930883602149240832
930883195997949953
930882736075747333
930882390280556544
930882244368941056
930882042912440321
930881306338168832
930881107620278272
930880914158247937
930880608800247808
930880143685574657
930880111930351616
930879847437443073
930879350995501056
930879170141409281
930879143566303232
930879103900704768
930878963076829184
930878131178758144
930878039445135360
930878025671020544
930878021648691200
930877925058121729
930877497109024768
930877447112818688
930876884493021184
930876424084267008
930876315921661952
930876100284121088
930875927365607425
930875571755732992
930875554739511297
930875055231336449
930874844295630848
930874557111599105
930874496684347394
930874398386425856
930873826895839233
930873319879884800
930872714226782208
930872414245916672
930871901030961152
930871819011219456
930871802577825792
930871785045737472
930871048010158080
930870599391567872
930870358797930501
930869919826173952
930869886276030468
930869520771797000
930869131024375808
930868912148721664
930868692585500673
930868252955332611
930868186664157184
930868129210798081
930868117911326721
930867537562259458
930867446478753795
930866817593106433
930866758151524362
930866570276081664
930866071938240513
930865680039235588
930865647835369482
930864821280690177
930864820345335808
930864817031827461
930864634998824960
930864166214107136
930863824974073858
930863466709123074
930863412799827971
930863237834387456
930863183706935298
930862983252549632
930862763357999104
930862719112269824
930862361883430913
930862192668241920
930861762320232448
930861459512360960
930861448057597952
930861418278244362
930861256092868609
930861248987541504
930861188270845952
930860319689269249
930860046879219713
930858377332211712
930858221627097088
930858122859728896
930857752473276418
930857472562159616
930857217871491073
930856805185478656
930855382867525633
930855145537245184
930855126008438784
930854903081291782
930854661816545286
930853744853499904
930852559643803648
930852478366732291
930852382434627584
930851701568835584
930850678641123328
930850442115997697
930849671702106112
930848935890915328
930848694714298368
930848475373293568
930847682259697664
930846788189347840
930846778450153473
930846628394627072
930846477886226432
930845306417307649
930845251832442880
930845168487620609
930844718774153216
930843642855608325
930843139547439104
930841962801795072
930841288882184196
930840829685407744
930840611858669568
930839620409012224
930839200739536897
930838268488437760
930836254647816192
930835819518136321
930835443968602113
930835350641143814
930834797965934592
930834709445300224
930834604122169344
930833831782961154
930832276455411712
930832105625579526
930831893657821184
930831750279733248
930831033779462145
930830881815711749
930830657005158405
930830448820936704
930830419817144320
930829776545226753
930829598333341696
930829086146035712
930827192140832770
930826805539307520
930825190438707200
930824691060789248
930824310935179264
930823263684456449
930823191727132675
930823069483986945
930822544248266753
930821493273038848
930820682832850945
930820346101432321
930820133349707776
930820127226040320
930819912016318464
930819865044164608
930819403972861952
930819192277884928
930819062875144193
930818997234339840
930818878200074241
930818500687466497
930818418416140288
930818398417715200
930818392319291392
930818306436722688
930818282621321216
930817605165862912
930817134191693824
930812690574004225
930811502658854912
930811281971572736
930811072185077762
930810887069491202
930809493235097600
930809455553499139
930809012051877888
930808698573918209
930807627235381249
930807597271171072
930807260422594560
930807209725792256
930806965378334720
930806946424168448
930806740714708993
930806391895404544
930805938293846017
930805838742036481
930805668608663552
930804868113088512
930804010646306816
930803298172485632
930803180270702593
930803129490186240
930802355238350854
930801544223756288
930801310659743744
930800326428561409
930799717893668864
930798735973650433
930798132413247488
930798111177564162
930798017384509440
930797841374642176
930796316803739648
930796162516471808
930795942562824198
930795394854019077
930795063596212224
930794708858585088
930793717262405632
930793026040905728
930792470325051393
930792288854228993
930792209691168769
930791812700299264
930791601101828096
930790918843699201
930790770658938880
930788398792572929
930788080784691200
930787980481925120
930787519238688768
930787463139819524
930786326131113984
930785899880878080
930785814987943936
930785653486505985
930785423416315910
930785205660667904
930784949644529665
930784237409783809
930784205189058560
930784147823501314
930783921628942336
930783919137607680
930783772634763265
930783770139152385
930783564882481152
930783485681209344
930783447261511681
930783305980612608
930782706790748165
930782538431451136
930782524472733698
930782235812356096
930782116757098497
930782043696500736
930781971944542208
930781396515225605
930781005153173504
930780425433288705
930779959248896000
930779889636175874
930779827006734336
930779496919289856
930779130232111105
930779035596079106
930778879979028480
930778867844837377
930778802736848897
930778526994837504
930778470304616448
930778294001262592
930778223310356480
930778119740329984
930777855084068864
930777809869406209
930777721210331137
930777674896887813
930776544229953536
930776434842525697
930775875716550656
930775723492511744
930775240350744577
930775221178720256
930774803015000069
930774456921866245
930774337145266177
930774305788571649
930773924492857352
930773755378458625
930773728681758722
930773368101580800
930773326804520960
930772719045632000
930772691812016129
930772540238237696
930772291818082304
930772055133364224
930771896727146496
930771856084340737
930771471265419264
930771399169462272
930771252691824640
930771005135577088
930770631125274624
930770258624991233
930770199682453504
930769480455737344
930769223965724672
930769131837812736
930769038577455105
930768511382802433
930767892534083586
930767781225730048
930767607518695427
930767090037825536
930766907770318850
930766905241108482
930766544308666368
930765897018560512
930765616205762562
930765615463268352
930764520917815296
930764368215707649
930763919605555200
930763809790332928
930762922778820610
930762826204971008
930762393738760192
930762191313297409
930761887972655104
930761830485676032
930761626348867584
930761063804518400
930760747247980551
930760599423913985
930760356854611968
930759979874836480
930759779986886656
930759641872719872
930758718526050304
930757494925922305
930757449811988481
930756991936614400
930756844703772672
930756178891673602
930755959282073600
930755282807984128
930755043929808898
930754780384911360
930754134470512640
930753807864287232
930752832424366080
930752283746414592
930751452305338368
930751263465074688
930750729630961665
930750332875018240
930749926987980800
930749856267849729
930749821216059393
930749564554006528
930749509591883776
930749402397978624
930749322249097216
930749233921253377
930748737059557377
930748341755006977
930747635706859520
930747622356410368
930747480312033280
930746945513099265
930746734971678720
930745448624738305
930745297554235393
930745051986235392
930744916577345536
930744872713293825
930744698913693696
930744216225046528
930743304328802304
930743010844844032
930742553284169728
930741363393683457
930740451887460352
930739930250338310
930739643754143744
930739081214156801
930738943498309633
930736808975093762
930736785151238144
930736176381689858
930735386598563842
930734852994945024
930734688532090880
930733908697735169
930732692697575424
930732642579857408
930731506099740672
930730699757359104
930730156725022720
930729220250132481
930729126050267138
930729052486422528
930728986191130624
930728371671240704
930727395560214528
930727195525439488
930726728615518208
930724743015043072
930724288516251651
930722488493002753
930721940058329089
930721149239087105
930720954606604288
930719510985764864
930719250079248384
930718162630275072
930718107542392832
930717282199683072
930716436124786688
930715428468477953
930714787922763776
930714632213422081
930714478836031488
930714389510000640
930714318408073216
930713729414651904
930713432554459141
930713405387952128
930712748488568832
930712537347313664
930711920868339712
930711912131846144
930711126991605762
930710869264228352
930710652691283969
930710238172471296
930710226893967360
930709385210363904
930709155505197056
930708829234397184
930708734627799040
930708654449479682
930708291197562880
930707926712545281
930707904621174784
930707414202179585
930707383877296130
930707275630735361
930707105698533376
930707090481516544
930705621539803138
930704924513419264
930704301139333120
930702846777020418
930702620733399040
930701522392027137
930701414376067072
930701288542752768
930700943607451651
930700877593182211
930700740770791426
930700170509078529
930699530227601408
930699161699315712
930698285840584704
930698191296761856
930697583789592577
930697058704601089
930696637927878658
930696051304157184
930695904688070657
930695701973159936
930695669840515075
930694916572884993
930694802856914944
930694754047856642
930694400082108416
930694296679968768
930693895373119489
930693620784615425
930693614925213697
930693123205992449
930691413985103872
930691245244067840
930690927890399233
930690826036043776
930690458212356096
930690013523861505
930689431169896448
930688848983678976
930688741362061312
930688730674946048
930688708059287562
930688459823558656
930688235537301504
930688192545730560
930688047905148928
930687920503185408
930687836050870272
930687639337996288
930687279403884544
930687076663746560
930686865442770944
930686741614354432
930686286637293568
930686206387597312
930685993417572352
930685367614869504
930685136122863617
930684924130222082
930684440233299968
930684323874910208
930683681429250049
930683044327026688
930683034524966912
930682115192180741
930681978285973504
930681940340068352
930681596528689152
930681547627384832
930681321147518976
930680637224292353
930680272798052352
930680173590188032
930679902717833216
930679601252196354
930679368854261760
930678745240948737
930678725859053574
930678600650588162
930678381129207808
930678298253852674
930678282915328000
930678071304351744
930677535754596354
930677293785276416
930676908806885378
930676268219207680
930675869919711233
930675738864472064
930675540880711682
930675527408668674
930675168652988416
930674890516164608
930674836782927873
930674727500308480
930674698622590977
930674603650965505
930674454472155136
930673321573838848
930673100538212357
930673100273922048
930673047165636609
930672797331918849
930672774913327104
930672530901426181
930671675439542274
930671630736678912
930671510032969728
930671452789071873
930671062114762753
930670945144107008
930670896636940288
930670764457635841
930670751199481856
930670603526340612
930670558777413633
930670276022538240
930670212801843200
930670033352777728
930669946962677760
930669752510447618
930669633375559681
930669101382500352
930669069799391232
930668877859704832
930668819596677120
930668637488328705
930668400078139392
930668362555887616
930668359733129216
930668250207223808
930668236684890113
930667973148278784
930667881003614208
930667862175477763
930667747167662080
930667450634571779
930667359324508161
930667066910179330
930666983191957504
930666930633048064
930666896143339526
930666735539286017
930666674457579520
930666443552841728
930666361751244800
930666352989409280
930666070633000962
930665869797134337
930665817955594240
930665744655888384
930665722765856768
930665631938068480
930665620366008320
930665210435768320
930665044072943616
930664740992450561
930664435915599872
930664414147235841
930664409596420096
930664296710684672
930664237776728065
930664134915559426
930663812348264448
930663774859735041
930663718215651328
930663637085069312
930663612481355776
930663548329455616
930663441026691072
930663372269350912
930663172998094848
930663172020817920
930663157605060608
930663100948320257
930663048465080322
930663033872850944
930662900670353408
930662756063334400
930662502597148672
930662395680362498
930662346921406465
930662263714910208
930662144479322113
930662087986118656
930661959980199939
930661788068319233
930661567695335424
930661408781451264
930661224727097345
930661199083069440
930661110180696064
930661050222907392
930660909093150720
930660902088663042
930660557149163520
930660516946677765
930660488605720576
930660468498235393
930660419856891907
930660407408234501
930660240512598016
930659891102011393
930659834646745088
930659827885281280
930659714509176832
930659711829139456
930659698981949443
930659643076042752
930659422010880000
930659180595294208
930658860838289409
930658780949475328
930658654201581568
930658545707683841
930658472416473088
930658216601583616
930658174952144897
930658112729690113
930658068475600897
930658051887108096
930657951374647296
930657851449794560
930657830604034048
930657786601656321
930657748240535552
930657733837312000
930657718683291649
930657657979064320
930657598176681985
930657570095804416
930657411018366976
930657380915965952
930657362561699842
930657298720071680
930657189752115200
930657168495468544
930657108441395200
930656972319477761
930656689753337857
930656556890361857
930656512338481152
930656492822454274
930656461599989762
930656386538704896
930656372533821440
930656298210754560
930656283937697793
930655987740086272
930655854071832576
930655606893088768
930653844152840192
930653058710695936
930652811909414912
930652064639729664
930651194497802240
930650989719207936
930650839093534720
930650831350665216
930650520858923008
930650309470367744
930650167463702528
930649847543320576
930649752366080000
930649367903485952
930649276790616064
930649103964475393
930648803404791808
930648696777334784
930648240411865091
930647420299493376
930645228188524544
930644830354640901
930644678269161473
930644650418778112
930644532072300545
930644159899111424
930644085378920448
930643972703350789
930643675939356672
930643533194653697
930643512198156289
930643353292722176
930643127202758656
930642955450269697
930642897795416065
930641712392925185
930641195725758464
930641193737732096
930640036210532353
930639704260796416
930639158514724866
930638997256359946
930638971972943873
930638585807728640
930637936244281344
930637911179104256
930637802504630272
930637590130249729
930637526309703680
930637242376249344
930636901958037504
930636698182127617
930635813834182657
930635809627058176
930635646485512195
930635373360840706
930634782463152128
930634463595388928
930634127891664896
930633766774628354
930633760684441600
930633478193811456
930633407029166080
930632915339370497
930631944496406530
930631888435163137
930631701058981889
930631222530920449
930630822721286144
930630533876535297
930630481053229056
930629930295156737
930629560688771072
930629454254301186
930628590387060736
930628157262065664
930628124596776960
930627792152051712
930627637764116480
930627556243656705
930627430829776896
930626922899390464
930626752073826305
930626350108610563
930625944884260864
930625604566663169
930625324295114752
930625271258058756
930624962955689984
930624847524368385
930624841190952960
930624818134863872
930624793220546560
930624239421526016
930624109167472644
930624106067668994
930623886042988544
930623849011535872
930623747337392130
930623598686908416
930623191495581697
930623115675217920
930623077313998848
930622688418254854
930622685175939072
930622664137252866
930622389238382592
930622223873953792
930621848605167617
930621808944050176
930621798554640385
930621368307208192
930620784690819072
930620701748236289
930620473179803648
930620124318531584
930620116458336256
930619126908846080
930618419170254848
930617971537534978
930617899341041670
930617895452778498
930617767706869761
930617483668500480
930617391855181824
930616939910762496
930616886492098560
930616878589992962
930616750147645440
930616620493430785
930616369942589441
930616278636810241
930615557916954624
930615521585725440
930615406607372289
930614793047719936
930614614190182401
930614381863407620
930613446659526656
930613417228079104
930613254761611266
930613150302420992
930613071307067392
930612875089055745
930612419251933184
930612369822281730
930612109863411712
930611840954093568
930611640764006400
930611412568813568
930611155457884160
930611024318877696
930610966575886342
930610965254680576
930610605911834626
930610029304061952
930609062789636096
930608634211401728
930608279343980545
930607887797252097
930607774710382592
930607649518788608
930607476508041216
930607101226790913
930606970083729408
930606386685374464
930606145579909121
930606132699287552
930605909046382592
930605854541451265
930605823062974464
930605812925566977
930605759250829312
930605680297431042
930605518808158208
930605451095371776
930605230143586304
930605146027028480
930604651518595072
930604602738855936
930604573223542784
930604443782885376
930604330041749504
930604250866049024
930603902386368514
930603670273708032
930603395211317251
930602799905329152
930602779738906624
930602552638492674
930602452801458176
930602167198773249
930602042674073600
930601694337142785
930601690499137536
930601638385025024
930601576217096195
930601493434191872
930601253796589568
930601108866830336
930601071046811649
930601008996200448
930600964318314496
930600256261230593
930600137633628160
930600010630262785
930599903046270977
930599772641116160
930599704274063361
930599535310725120
930599126911389696
930598976843321344
930598889178193920
930598740997570565
930598123566542848
930598079576854533
930598022781816833
930597889331441664
930597881668440064
930597426422939648
930597413995319297
930597349017182213
930597325440819201
930597188027191296
930597179122520064
930597140807782402
930596986356506624
930596939627761664
930596902285885442
930596870178689025
930596857935310848
930596545774440449
930596352307871744
930596141548359681
930596036736778240
930595665842864128
930595559299149824
930595059828961280
930594990589227008
930594828441849857
930594620127436800
930594499260231681
930594379928018944
930594266379821058
930594067058122753
930594034908909568
930593832982396928
930593758428717056
930593690459897856
930593647074074624
930593616887762944
930593439422525441
930593409412218881
930593302545616901
930593292672290816
930592976308277248
930592956159021057
930592780908294144
930592654311669760
930592585411973120
930592269916241920
930592214840946688
930591934871101440
930591678590627840
930591432372510725
930591315745796096
930591020156207104
930590673455083520
930590100899053568
930589943520530437
930589884884041728
930589788431962112
930589759008886784
930589717988392960
930589210700107776
930589185492312064
930589184619925509
930588992495652864
930588967283564544
930588874539020288
930588665910358016
930588455209336832
930588400293363712
930588105375072256
930588100413227008
930587919223611392
930587802760351747
930587740252631040
930587731784237056
930587667850563584
930587582383120384
930587419619086336
930587411255619585
930587280489832449
930587261200105472
930587260277403649
930586597510270977
930586377913237504
930586342567931904
930585936659931136
930585587324805120
930584404644175877
930584303099973632
930584245688459265
930584171399073798
930583919791140865
930583432911925248
930583137272205313
930582641757233152
930582568079998976
930582515315871745
930582069754740736
930582007435767808
930581875583721472
930581853609881601
930581825822609409
930581820248379392
930581806566354944
930581437899612161
930581333306253312
930581280667860992
930581197008273410
930581170911297536
930580994943369216
930580929671819264
930580828349800449
930580806744940544
930580307568361472
930580163833876481
930579574928261120
930579422448582656
930579398972936192
930579336767377408
930579059452600320
930579054033539072
930579011390058497
930578957774098432
930578907744550912
930578557906104321
930578286022942720
930578152228667393
930576935331041281
930576456727519232
930576189533560832
930576143291314176
930575185320824833
930575130098655232
930575018093772800
930574894336679937
930573976136335362
930573914908119041
930573309208653829
930573077557125121
930572994027642881
930572937949622277
930572616351367168
930572590510432256
930572491843518465
930572478602035200
930572088989143040
930572072568332288
930571783262035969
930571738785697792
930571623534534657
930571517548748801
930571375403831296
930571276069908481
930571246009331712
930570986491203584
930570876311031808
930570763664367616
930570612237578240
930570473569751040
930570077707100160
930569979711377409
930569972279136258
930569943401357312
930569935650041856
930569758394732544
930569713800773632
930569691831025664
930569655084752896
930569603784282112
930569460112658432
930569202724773888
930569115403767808
930569002136485892
930568818581233669
930568534484312064
930568501600731136
930568477328384000
930568198964965376
930568091678969856
930568080068972544
930567906126991360
930567789114478592
930567618393546753
930567584117903360
930567330781974529
930567128234766342
930567119451971584
930567095691067392
930567039269224449
930566900706197504
930566587207139328
930566572091039745
930566413487607809
930566100298883072
930565754633768960
930565619623145472
930565595237457920
930565451649863686
930565240663789569
930565165170311168
930564607017717760
930564505020633088
930564496921415680
930564426591285248
930564177281855490
930564068460650496
930563931533275136
930563897605705728
930563453768445952
930563182132957185
930563060661501953
930562532363898883
930562454068674560
930562409768427520
930562202536370176
930562195422892032
930562136161574912
930562120529281024
930561638658445312
930561543388856320
930560811386523649
930560546860015617
930560504573018112
930560395231875072
930560305968631811
930560124812513280
930559985137995776
930559882675216384
930559836596477952
930559724117901312
930559511047352320
930559472862482434
930559342264205312
930559270030069760
930559036868608001
930558985727602688
930558977938731009
930558926696857600
930558867238297600
930558590573797376
930558261501325314
930558239900557313
930558085491580928
930557950590152705
930557928674922501
930557657252970496
930557585450786821
930557568715509760
930557475622998017
930557330680250368
930557165399609345
930556914685153280
930556861148884992
930556815850516480
930556694316191744
930556682874142721
930556651656110080
930556623856263168
930556556147650560
930556532281958401
930556253381844993
930556239502655488
930556106031579136
930556083852148737
930556037316440067
930556036695474176
930555987303583745
930555960002797568
930555959117725697
930555815127322624
930555515041484802
930555232957947904
930555206076649472
930554862915506177
930554748461137920
930554609168519169
930554548753547264
930554500905136128
930554440419106819
930554106342645760
930554075300663296
930554028727177216
930553669640056832
930553536751968256
930553533723578368
930553400768557056
930553232874754049
930553222154145792
930552829533609985
930552736302563328
930552613392781312
930552532664975360
930551865816899586
930551748216934400
930551720651968512
930551625982279680
930551590955692035
930551529521762304
930551518369124353
930551503898603520
930551433820327936
930551392900730880
930551336420065280
930550794109071360
930550603285065728
930550335587999747
930550226557038595
930550200980115456
930550101797363712
930550077445279744
930549934121766913
930549908020621312
930549830178476032
930549717653708802
930549646841335810
930549570106548224
930549462321246210
930549381886967808
930549356339585024
930549236206374914
930548958702612481
930548941338247168
930548891564392448
930548878113325061
930548845586477056
930548699142422528
930548581785833472
930548558557835266
930548433038974976
930548344987926528
930548259092807680
930548175215067136
930548128264077312
930548126766657536
930548075864690688
930547965697150976
930547642186321923
930547622460342272
930547516793327617
930547435679522817
930547385536864256
930547298656022528
930547260454301696
930547259242090496
930547117269094400
930547094573772800
930547015448084480
930546868169334784
930546768827310080
930546587356381184
930546458595643393
930546389683077120
930546375607103488
930546370603290624
930546264277741574
930546243792752640
930546189371555840
930546166520995840
930546020726870017
930545967027445761
930545919791165442
930545826820214785
930545803101425665
930545274027761664
930545023359307776
930544967201603584
930544930367275009
930544827107704833
930544714310447105
930544654436700160
930544643925614592
930544279675486208
930544242627407872
930544073823440901
930544041959227392
930543997982068737
930543979418005506
930543926045327360
930543871670370304
930543854322728960
930543793400680448
930543707970924544
930543689725808640
930543646755102720
930543590249349120
930543521622196224
930543449933320192
930543372711759872
930543253148938240
930543217078099968
930543165236420608
930543080947589121
930543077491580928
930543073309970432
930542962781687810
930542953000398848
930542891050635264
930542743717154816
930542688583147520
930542568517095427
930542483582406657
930542441421082624
930542290174492672
930542194343243776
930542034380886018
930542017943240704
930541922761916417
930541838695649280
930541492459806720
930541469202608130
930541399971450880
930541364282056705
930541282379911168
930541261731360768
930541253510414336
930541200528039937
930541157171396608
930541099797700609
930541077433606146
930541065949667328
930540888241115137
930540850890678272
930540830800019456
930540793340878852
930540775795859456
930540767612981249
930540637593657344
930540628437475328
930540613426069504
930540456294932480
930540404306599936
930540338116050944
930540175536484352
930540159250194432
930540145887064064
930540040748519425
930540003716927488
930539974004322305
930539724111937536
930539632793718785
930539629295501312
930539502891761664
930539329440702469
930539273882865664
930539253985050627
930539198108577795
930539149278531585
930539148758302720
930539129133133824
930539123282083841
930539047898042369
930538985516093441
930538948929245184
930538809221177346
930538747334033408
930538612264972290
930538610411081729
930538609005928448
930538596788031488
930538591276613633
930538427304509445
930538401715163136
930538236719624192
930538225550090240
930538194340265984
930538189504225280
930538185758617600
930538130607824896
930538115881631745
930538093232427010
930537949401436161
930537856950513664
930537620605624320
930537587877470208
930537516830044160
930537451570917376
930537412580687872
930537377533227014
930537335103426560
930537292996972544
930537271476080640
930537169520939009
930536964373262336
930536870315950081
930536869883871232
930536789390999552
930536778460745729
930536762493071360
930536755610243072
930536734709792768
930536660973973504
930536584532836352
930536572113448960
930536558972755968
930536441372987393
930536405633179648
930536364256481281
930536332736135170
930536284145307648
930536241111687169
930536231536119809
930536188670300163
930536142025510913
930536066620178432
930535927071391744
930535871136243712
930535858825986049
930535811560304641
930535601484500992
930535373192675328
930535335972388864
930535333669650433
930535244599459840
930535210134810624
930535164542795776
930535094359678977
930535042224394241
930534990647058432
930534835508015104
930534810052804608
930534767971385344
930534737256558592
930534706961006592
930534623448354816
930534481546567680
930534448805720064
930534435954544642
930534415507316736
930534404677689345
930534401577967617
930534321752100866
930534045645127680
930533771258073090
930533683903287296
930533656514387968
930533641280684038
930533570161942529
930533533956714496
930533529431171072
930533523156557824
930533390331338754
930533333007663104
930533241391423488
930533224924581888
930533107207258112
930532991041859584
930532787731431425
930532750192361472
930532717023854592
930532674791452672
930532572114964480
930532529588850693
930532498471301121
930532379248222210
930532365574836224
930532173844660225
930532169910538240
930532110456246273
930532077073813504
930531974648758272
930531879588999168
930531737687416832
930531696348401665
930531684566609920
930531596167405568
930531512545697792
930531471743385601
930531464424210432
930531335772532737
930531276049866752
930531175319433222
930531167736123392
930531117274468354
930531087570399232
930531000764973056
930530931680727040
930530910612705280
930530795814494208
930530673827500033
930530579270922240
930530578503364608
930530284952522753
930530266275241985
930530097190326275
930529854122061829
930529842793144320
930529837265096706
930529731807625216
930529716640956416
930529549812752390
930529543424757763
930529520506904576
930529456736874496
930529429717004289
930529406027644928
930529404840828929
930529402642771969
930529349958221824
930529240423923712
930529170941132800
930529052129202178
930529024446676992
930528975700594690
930528850035073024
930528792917041154
930528781592281088
930528772096495616
930528685291180032
930528661400256512
930528625656463361
930528577954738177
930528561303310336
930528540398891012
930528540205961216
930528466914676737
930528373775859712
930528330583035905
930528322567725058
930528271271387142
930528264891670528
930528238807351297
930528211053584384
930528111929774083
930528102303879168
930528023228456961
930528020510621696
930528004895162368
930528000461770752
930527962725830661
930527793909325824
930527777425580032
930527731053486087
930527668457693184
930527605580812288
930527548399788033
930527472105353216
930527462915760128
930527430816645121
930527386734661634
930527357034622976
930527296443863043
930526800198987779
930526745333260289
930526680862429184
930526574612541441
930526363399966720
930526257489383424
930526238887874561
930526158470500352
930526113834684417
930526088156942336
930526030934216704
930525991176409088
930525956736876545
930525942287609860
930525926693179393
930525905578897408
930525836859523072
930525817859215360
930525813010849792
930525715002408960
930525674061869057
930525602855243776
930525376165560320
930525375951650816
930525233768906752
930525080576180224
930525014344044544
930524973881528320
930524930201890816
930524828771028992
930524768352260096
930524758290022400
930524545060163585
930524506057142272
930524408397012992
930524326473986048
930524324443934720
930524188581904384
930524142369230848
930524104590946304
930523970226417664
930523926291034112
930523888596815873
930523835291508736
930523764579647488
930523733898420224
930523728617730048
930523619582656512
930523548078215168
930523445879803909
930523433573765120
930523374727712769
930523253864480768
930523184889237504
930523165209403392
930523133215260672
930523081520635905
930522912452308992
930522911915499520
930522885944430592
930522846442352640
930522839970648065
930522816595791873
930522796786180096
930522520834461696
930522426663768064
930522405562351616
930522391637254144
930522341448343552
930522336125632512
930522297525403648
930522263262175232
930522258069635072
930521953580060672
930521801481957376
930521797849518080
930521778182438912
930521774659215360
930521758364348416
930521751628517376
930521684066516992
930521610716577793
930521420177788930
930521395406262273
930521260987166720
930521224542871553
930520906459418624
930520885802315776
930520780059938817
930520620034650112
930520507576827904
930520346708541441
930520292413206533
930520271299268608
930520201245884416
930520126817951744
930520067888091140
930519974094954496
930519970194137088
930519863650607104
930519824064589824
930519680720228352
930519607936409600
930519588932149248
930519557772414976
930519551522979840
930519484397481984
930519406706413570
930519395511799811
930519092943118336
930519023648776192
930518961489297408
930518845986615296
930518818530656256
930518745688109056
930518613814951936
930518493883019264
930518465709875200
930518454372847616
930518266283425793
930518139665657856
930518078319923202
930518045142978560
930517918378545153
930517855719657472
930517803190444032
930517799797014528
930517671946231808
930517659510300674
930517643580379144
930517621388267521
930517501506617345
930517479696109568
930517479297863681
930517359886045184
930517314562244608
930517310657331200
930517284279418880
930517272430563328
930517186552127488
930517163693060097
930517145980755968
930517073968750592
930517004913590273
930516955009896450
930516923950993408
930516898135072768
930516890803363840
930516802181898240
930516772595404801
930516725199552512
930516670346432512
930516669465841664
930516666966003712
930516585575464960
930516475831468032
930516424866529280
930516387788967937
930516362530877440
930516331476041728
930516286047707136
930516207677136902
930516109542821888
930516051657244672
930515980207448065
930515966609342464
930515913643823104
930515891170586624
930515791455195137
930515688023736320
930515679530319872
930515670441197569
930515527524548608
930515348088131585
930515347567820800
930515319403237376
930515294149382146
930515211525808128
930515165484847104
930515144693747714
930515111453822979
930514833312763904
930514798462341128
930514669663432704
930514669428600834
930514502247788544
930514376909406209
930514366478163968
930514364813205504
930514292272635904
930514289651101696
930514186379042816
930514160387088386
930514125582606336
930513947094110209
930513918967140353
930513733863972864
930513541760798720
930513457581084672
930513338949279744
930513314639171585
930513306841907201
930513296951619585
930513250113982469
930513233764499457
930513181897670656
930513121000558593
930513106362650624
930513062284709888
930512982785871872
930512959633264640
930512921875980288
930512768763035649
930512608150503424
930512600210612225
930512599732465664
930512598210109440
930512476873117701
930512459156377600
930512438570577920
930512312418684928
930512306940907520
930512301291028480
930512291061256197
930512253677273088
930512231997083648
930512210841006080
930512210417287168
930512026379673600
930511923942232064
930511870473244673
930511808040902656
930511794191421441
930511758208278528
930511657037545472
930511503286865920
930511391190016000
930511378636345344
930511347317481473
930511331995803648
930511261070217217
930511114110201856
930511105734139906
930510894139928576
930510826821292038
930510800497840128
930510776804298752
930510693396127745
930510647602831360
930510618200870912
930510442304233472
930510426856603648
930510425111908352
930510392345939969
930510349777989632
930510335206866944
930509758255304704
930509743482966017
930509724650319872
930509693285478402
930509690362126336
930509677162565632
930509614860337154
930509554189680640
930509515522478080
930509507209383947
930509486745255936
930509435306307584
930509420819128321
930509418533347328
930509265583984640
930509264698851328
930509238153048064
930509229135294464
930509208235192321
930509172549885952
930509145664520192
930509078828380162
930508982367555584
930508834317074432
930508827715289088
930508762829398016
930508741442539520
930508712149766151
930508697024864256
930508687973613568
930508425058045958
930508422726017029
930508399447629826
930508377947549697
930508242597244928
930508216450068481
930508215569305600
930508196833366016
930508176956448768
930508098820718593
930508097319325696
930507934626451461
930507855748304896
930507717420097536
930507525799268354
930507499769290752
930507392378384386
930507239051481092
930507216406409218
930507136617947136
930507134470643712
930507116837683200
930507078095040512
930507075515494400
930507067353456640
930506922150723584
930506763052384256
930506721344208896
930506692843814912
930506641191194629
930506554062856192
930506525080150016
930506450215899136
930506439000449024
930506267285536768
930506258800455680
930506247245303809
930506167780102144
930506083176550401
930506079200468992
930506068991578113
930506003275137024
930506001018580992
930505976624553985
930505951811076098
930505896291131392
930505669639393281
930505548646232064
930505502189961216
930505500013268992
930505474834825217
930505432694697985
930505292449693696
930505288502988806
930505248774516736
930505220609773568
930505212317589505
930505193757773825
930505139403837441
930504944607666176
930504911674015744
930504834272415744
930504663916597248
930504571734056960
930504460853567488
930504420248481792
930504365986770944
930504224638562305
930504181424590848
930504153360564224
930504004701790208
930503950666645504
930503822622957568
930503756700983296
930503678586490880
930503457470955520
930503346607104000
930503326734487552
930503193351598080
930503124783071232
930503107238420480
930503039563321344
930502990389067776
930502985817264128
930502835560636416
930502741444648960
930502734062800903
930502696074907648
930502594182594560
930502445255536645
930502376083066883
930502349205966848
930502324312793088
930502219824185344
930501983756107777
930501964210651136
930501909580009472
930501779124494337
930501775303507968
930501554163060736
930501549251366912
930501374286225409
930501157386059781
930501146153807873
930501107763306496
930501010627235841
930500895045046273
930500746675662848
930500737792126977
930500680401395712
930500370073206784
930500127134904321
930499988592795648
930499786448539649
930499712179879936
930499674003386368
930499599168606208
930499220221521920
930499180992217089
930499175338319873
930498999626297344
930498917996945408
930498815928557569
930498649473409031
930498423773638656
930498163592462336
930498146928652289
930497977193340928
930497507297234944
930497426959622144
930497366255329280
930497166916947968
930497128211791872
930497034527891456
930496849269571584
930496107217428480
930495373315006464
930495147594395648
930495118141984768
930495043823005696
930495020469248001
930494993395077121
930494954849390592
930494885010006016
930494820086439937
930494503701569536
930494355890061312
930493638605451265
930493622134460417
930493477909037057
930493304499716096
930493222870163457
930493148031172608
930492978933661696
930492641711656960
930492591002361856
930492566176399360
930492255818969088
930492238194282496
930491982308184064
930491225911713793
930490591472787456
930490208725876737
930489821021089792
930488565229916160
930485372680671232
930483755151646721
930483450179608577
930480991130460160
930480932368216064
930480042630455296
930478524661514240
930477707426533376
930475592339791872
930473925481582593
930473474300067843
930473415084871680
930470643711094789