867044920023891968
867115888939606017
867116074122260480
867116259518930945
867116374128291841
867116501341544448
867116758884339712
867117240759484416
867117958367203328
867118651148783621
867119183691223041
867119554018893830
867119860756750337
867120118244941825
867120138302234626
867120167062564864
867120241171673089
867120508755693569
867120535091720194
867120717426552833
867120763169648640
867120961627320325
867121080703614976
867121615800238081
867122060631449601
867122159268892674
867122174393561090
867122292047978497
867122394560909316
867122506683076609
867122697083420672
867122716599619584
867122921973710848
867123136327589888
867123472941666308
867124326981619712
867124679198355456
867124801672011776
867131970320576512
867137464825241602
867141545304215554
867143668817375233
867143687058448386
867146866840023042
867156484102254592
867159390960398336
867163393567870976
871210877218770944
871210948303872001
871210950166159361
871211049877471232
871211089161334786
871211128168361984
871211319055314944
871211601436737538
871211606671097856
871211696265674753
871211896732618752
871211897952935936
871212066631057408
871212272584208384
871212293484195841
871212339806191617
871212443145576448
871212643406753792
871212755734409217
871212771882520577
871213085347860481
871213412650496000
871213564710670337
871213861369729024
871213889999994884
871214730987307008
871215125881139200
871215239861198848
871215782100860929
871216087022448640
871216160611729408
871217655759417345
871217720477581312
871218919675056128
871219228774453248
871219269811437569
871219569330864128
871219685676781568
871219769424441344
871220449576923136
871220865764962305
871221071365652481
871221088574775296
871222182919233536
871222218335948802
871222797015683072
871222913705418757
871222966020976640
871223044592869376
871223533325516801
871223899589033984
871223990697820160
871224716903804928
871225433907494912
871225904940412929
871226592160342016
871226691657641984
871226999418769410
871227146244685825
871227989350076416
871228236868472832
871228975615430657
871229774462685184
871230369307209728
871230694923673600
871230845431947265
871231183480274944
871231318016872448
871231362698706946
871232056801591296
871232122266275842
871232351044595712
871232388189347841
871232464248688641
871233160603983872
871233911220834304
871234606544105472
871235280463732736
871236118590697472
871236667511910400
871236862635126784
871237230744018944
871237353523826688
871237365657985024
871237629043462144
871238040345206784
871238046875877378
871238066706534401
871238372123168768
871238473050488832
871238841637666816
871239047099949057
871239364931710980
871239384426827777
871239685468819456
871240244569538560
871241971473502209
871242053124018176
871242084308709380
871242305750958080
871242444104503296
871242553219330048
871242759000215552
871242971785646080
871243548145979392
871243831743795201
871243954158784513
871244494439624704
871245198101278720
871245229483057156
871245563228016641
871245638125723648
871245915352387585
871245945165537280
871246265140563968
871246546125299712
871246578333491200
871246904906178560
871247104248877058
871247146812682240
871247649630035968
871248088589099008
871249311006416897
871249311937564672
871249514413400065
871249574312235009
871249651617419264
871249751957786624
871250172046606336
871250534770069504
871250651644297216
871250684376731648
871251131711852545
871251167417950208
871251345579401216
871251910254264320
871252081339899904
871252435767087104
871252741867352064
871252995148845056
871253002903994370
871253184592973824
871253400129810432
871253414327590912
871253468702547968
871253732599762944
871253753059586048
871253764832972800
871253796386504704
871253848651743232
871253859016089600
871253971708649472
871254092408029184
871254493152690177
871254727010508800
871255717826756609
871255732565549056
871256125223600128
871256610680778753
871256832668565504
871257927272804352
871257938115145728
871258162363609088
871258218391097346
871258227526311936
871258241292005376
871258299395710978
871258668347658242
871259290673217536
871259874621108224
871259936952651777
871259968728698880
871259987850526720
871260987210518528
871261111147823104
871261128256610304
871261439608197121
871261480418672640
871261630088261632
871261744391479296
871261803099156481
871262199997767680
871262433058455552
871262637237174273
871262816208138240
871262837972381696
871263380375556096
871263869796106240
871264009659535360
871265117085859841
871265548679696385
871265556107755520
871266532311093248
871267059954536448
871267653620563968
871268094047604736
871268444179582976
871268493768962048
871268751706120193
871268886460674049
871269621755719680
871269906335006720
871270079736008704
871270229468434432
871270280190201856
871270445026332673
871270472565915648
871270494703673344
871270829480398850
871271291101351937
871271515760676866
871271517258174465
871271550095433730
871271752357302272
871271798310088704
871271933932974080
871272060487708672
871272575334330368
871273477537505280
871273826356801537
871274071320911872
871274490772283392
871274703134109696
871274872688783360
871275132261629953
871275363833446400
871275462139543552
871275704096354305
871276862634373120
871276918607400960
871276941529239552
871276948126924800
871277074773835776
871277321201831936
871277349140144128
871277404878143488
871277887646834688
871278260423970816
871278591459418112
871278656974356481
871278828592693248
871279027251761152
871279528051699712
871279684541181952
871279982760390656
871280182312804353
871280323987988480
871280327163084800
871280420138008576
871281095337234432
871281196944306177
871281233153675264
871281356222984192
871281485424115712
871282000300257280
871282056856309760
871282065391661056
871283655200710656
871283717146382337
871283733466316800
871283868464271361
871284013025177601
871284173763379200
871284254369615872
871284618665873409
871284671736418304
871285086666227712
871285207269330944
871285318779109376
871285769788325888
871285873509367808
871285969563078656
871286199243157504
871286313483370496
871286370337214466
871286809195687936
871286847506460672
871287223978647552
871287529542217729
871287607174549505
871287879598821376
871287941095718912
871287942886674432
871288010226139136
871288202384027648
871288812869226497
871289604791513089
871289784135798785
871290610329714688
871291011070398464
871291112413175808
871291677805334530
871291679655043073
871291782478352385
871291790971875333
871291891861643264
871292910796505088
871293294625648642
871294186410082304
871294235072495617
871294745779339264
871295481846136832
871295924819165185
871295929231560705
871296050748960769
871296363673276417
871296823763378176
871296947788894208
871297274206343168
871297340535185408
871298011611189248
871299396515893248
871301274544689153
871301283197726720
871301995545731072
871302006975021056
871302901746073600
871303194470690816
871303892759400449
871304239112499201
871304363721019392
871304434449514496
871304581313175552
871305715771731968
871305733555580929
871305854611578880
871306437108092928
871306851228561409
871306867980607488
871307090098352128
871307539543187456
871308164486094849
871308178117603328
871308861248065536
871308975895187456
871309046669770753
871309169080586240
871309796854640641
871310191337275392
871311313758289920
871312208948596736
871312329220272129
871312589724282880
871313794265493506
871313919356358656
871314361104596992
871315588530024449
871316503659982848
871316731049979904
871317713997746177
871318619547987968
871319089746243585
871319320034463746
871319684125163523
871319735794884609
871320004020625408
871320850577977344
871321083483480065
871321139544416256
871321244729307136
871321540721344512
871321573734711296
871321639685894144
871322602681364481
871323130316431360
871324798269349888
871326545436180480
871327405742411776
871327446297178112
871329935188733952
871330103287963650
871330274382143488
871331603192086529
871332226126012416
871332554946748417
871333949452283904
871335224197750784
871335403176984576
871335751803297792
871336404210634752
871336764941664256
871337158338072576
871337458612396032
871338565589807106
871339559908454400
871340700826308608
871342449322577921
871343576365625350
871346201630830593
871350323729776640
871352820800385025
871353557680877568
871354111844909056
871354516607823872
871354610438610945
871356364131508224
871357691955994624
871357944608296960
871359436329242624
871360278369325056
871361174687944705
871361329239650304
871364261829902336
871366859911835651
871369445696040960
871369533625380865
871374986061127680
871376610871701506
871376615099564032
871379663393869824
871379911180681216
871380265515581440
871380338852978692
871383712893730816
871384580112232448
871385079486050309
871386255841480705
871388156586639361
871389215447056384
871391156923506688
871391273390702592
871392262529449984
871392351075188737
871393731768987648
871394022748585984
871394307680423940
871395009332948992
871395091709124608
871397179939794946
871398205325553667
871398893585657856
871400273348001794
871405740782624768
871407966515335169
871408773453062144
871408773453062144
871410973504155648
871411149866250240
871413972175605760
871414337109471232
871414699820277761
871414963134509056
871415965686276097
871416148948127745
871417768708648960
871420047172001793
871421242619940865
871422014933827584
871423549424193539
871431105164976128
871432319357333504
871434223479136258
871435660317667328
871437666688139265
871437887048482816
871440534371532800
871440570564177920
871440761988030466
871441036354002944
871441157397598208
871443414247768065
871443437450543104
871451620881702913
871453988645982209
871456581698945024
871458995642523648
871460759435452417
871462925084631043
871463090742845440
871463120144703488
871464081504559104
871464150270083072
871466270989975552
871466340288258052
871470440287531008
871471351378440193
871471626679861248
871471679800827904
871472647774797829
871473756753080320
871473851242356736
871474037607866368
871474695920603136
871475147487813635
871475333098295296
871478170175844353
871478380293758980
871478603015434242
871479433525329922
871480494290075648
871481021941907456
871481792838152192
871482903569604608
871484796400279552
871485099157618689
871487072124710914
871487479425138690
871489577336393728
871497618387591168
871497625241100288
871501039576526849
871501691283177472
871501825471545345
871502785988186112
871505579495358464
871510210556428288
871516928489213954
871520985463312389
871521953290629121
871527240709816320
871527785625403394
871532024946802688
871535085601927169
871541752532017153
871547123774365696
871552078493097985
871553552518459392
871562226066366464
871568307467538433
871577573008048136
871592669293588480
871607771296284672
871609548385263616
871616178476597248
871618222553833472
871621685086171136
871622869943373826
871624860191121408
871628749380485120
871636027416424449
871637968951422976
871653067606769664
871661258717659136
871663240106975232
871681947478700032
871687815939182592
871699742878773248
871706661127376898
871710099592622080
871740221678923777
871761103738556417
871769255888515072
871785939957407744
871789579061403648
871789655288668163
871792423755796481
871803776251908103
871812008563421185
871814089131143169
871820153583017984
871831462764531712
871834960851816449
871835685774401536
871837854439276544
867018951154434049
867019117655724032
867019630078038018
867019791902617602
867021601673490432
867022037407203328
867022453855399938
867022781191409664
867023165003845633
867023348928327685
867023383254507522
867023450547859457
867023534324842496
867023693574266884
867023866266255362
867024231959322624
867024602949701633
867024647585443841
867024852796002305
867025845432578049
867025879473561601
867026062722584576
867026185636593665
867026573215637504
867027105816625152
867027616938831877
867028335137869825
867028367798829058
867029879371571202
867029929015341057
867029929992630272
867030514414358528
867030824121708545
867030853205020673
867031057606078464
867031278473932800
867031326213513217
867031493943713792
867032068777287680
867032308297207808
867032604737929216
867033071337566208
867033277441376259
867033697924415488
867033917379031040
867033923263627264
867034498885722118
867034860698947584
867035032694673408
867035999838380037
867037154722979841
867037268195721216
867037657167278080
867038129370398722
867038429271470080
867039463666569217
867039877325574144
867040175981027329
867040947774861313
867041203396780033
867041214637494275
867041678812512256
867041737092599808
867041739604770817
867042394272927744
867042764235649024
867043385474994177
867044089073684484
867044490334404608
867044601269452800
867044657624211461
867044984884801538
867045025586319360
867045075691479040
867045167764844545
867045459793244161
867045478642352128
867046738917556224
867047018975330305
867047956708548608
867048287131623424
867050249180897280
867050989827874817
867051869016911872
867052310735671297
867053011373350914
867053939157499904
867054025337909248
867054664826724353
867056220099813376
867056372227158020
867057492769079297
867057817915707392
867058930266107904
867059766182457344
867060851429212160
867062839135150082
867063271303630852
867065078436200452
867065575276675072
867066039854616578
867066640172822528
867066865419513856
867067926129651712
867068136549384194
867068238051631104
867069331414278144
867069377820196865
867069467884433411
867069692996972545
867069911457304576
867070103728390144
867072044294393860
867073139238248448
867073231517306880
867075456444583936
867075558701662209
867075795453452290
867076165986656256
867076326896750592
867076583542018048
867077207096786944
867077406581903360
867077526685966336
867077976646721537
867079530598592512
867080564905570304
867083309989453825
867085323091808258
867085479358889986
867086424280977408
867087231017766912
867089240064221184
867089341784489984
867094219982331904
867094572064747520
867095553376743425
867095853281886208
867096504812527616
867098618175651840
867099359271432192
867100309071462400
867101411921846272
867101530494828544
867103746073014272
867103867552530432
867106107218677760
867108965691392000
867109035593654272
867110649700249601
867114867043553280
867117259059216384
867120876549963778
867126570179330049
867128037002948608
867130227100667904
867131346669322240
867131572637642754
867132939552903169
867133439400718336
867135606240854016
867147259233927168
871211853959049217
871213104482451456
871214562388963328
871215041013567489
871216876352884736
871217177524916224
871218328404201473
871218869314236416
871219152891121668
871221394008285184
871221520437215232
871221571775496192
871222643273248770
871222719010017286
871224069886291968
871228281223303168
871229347771953153
871232550487945216
871233522027159552
871233600628436992
871233681662164992
871238000084217856
871238284747444229
871238564885008385
871238961942876160
871239065475182592
871239405478039553
871239534801027072
871240874595934208
871240891666755584
871242209806483456
871242519350214656
871245559973249024
871246271817940992
871246700630900736
871246728967577600
871248215596826626
871248749963747328
871252166450827264
871253258609807360
871253742007582720
871253766938517504
871254510244687872
871254555526393856
871255895082225664
871257996692783104
871259220058009600
871261088070991872
871262092887773185
871270816629043200
871271122276413440
871271356242984960
871271863409926144
871274587035766785
871275444259217408
871276407481040898
871276788420399104
871279156604129280
871281014840188932
871284000266096640
871287342614687745
871287615944871936
871291502525374464
871291876321742848
871292503395270656
871293764186275841
871295449386373120
871295964597891073
871299542620286976
871300466927448066
871300839524192256
871307613509754881
871307678504689664
871308707208065024
871312005298348033
871312897695023104
871314178371354626
871317998887415809
871319229370441728
871320405549752324
871323800083746816
871324235230269441
871325264608972800
871331809232953344
871333045579767808
871334214649733120
871335037765124099
871336758239211520
871337755405680641
871339784375074821
871350164413460482
871353057896017922
871356355772387329
871358216831201280
871360660441100288
871362985457053696
871380188767985677
871388543846895616
871403076644503553
871411513755566080
871411544495730689
871412961772023809
871416155331743744
871432907939868675
871445759153098752
871475664733577216
871484999144525825
871499232603246598
871505793383890945
871514524884533248
871517917808144385
871519633135874049
871520444435894277
871524504564117505
871552672029171712
871561149719998464
871576935314341889
871619388788666368
871628506949705729
871647807635062784
871747334887157761
871752930197622784
871776916717613059
871780959678541827
871784901061873665
867018982594813952
867019023673942016
867019432886812672
867019487492681729
867019828564865024
867020018457862146
867021339437264896
867021632388202496
867021633982091264
867022347076632577
867022412348612608
867022689705373696
867023506894094336
867023814957387779
867024108957171712
867024284803379200
867024382929104897
867024642594267136
867025026574307328
867025143163387904
867025332519436288
867025591710564352
867025671587078145
867025683884670977
867025852558475264
867026191907258368
867026206130020353
867026322333343746
867026393636458496
867026895719747584
867027400995033089
867027479038500864
867028602683969536
867029214909878272
867029256865406976
867029268840288256
867029594498637825
867029743467511809
867030000905670658
867030674095697921
867030843348447232
867030870116401154
867030947991920640
867031170785169408
867031171531771904
867031172961980416
867031362561343488
867031401459331072
867031549283364864
867031616706818051
867031840271593476
867032026083454976
867032254077218817
867032378140614656
867032467307347968
867032527369842689
867032645200470017
867032694273843201
867032944938020865
867033030707130368
867033058976956417
867033073602494465
867033562242981888
867033703574319104
867033842565103617
867033995766136833
867034051512762370
867034112175075328
867034353255280640
867034539792756737
867034636802830336
867034685330927618
867034750292283393
867035163041116161
867035420776947713
867035482214899714
867036122681024512
867036662773288960
867036980323995648
867037067405959168
867037738045931521
867038021752729600
867038271657869313
867038290934890496
867038315618254848
867038509730865153
867038615800512512
867038755370217472
867038895099092992
867038924551577600
867039223370657792
867039491944579072
867039696261701634
867039716654194689
867040425290350593
867040741859708930
867040995199864836
867041017547153408
867041061033709572
867041077840142337
867041204587954178
867041236518969348
867041737981775872
867041812543926272
867042395841495045
867042605908938752
867042627971145728
867042712293449729
867042763644313600
867042855566458880
867043290042040320
867043519537577984
867044015795056640
867044098913579008
867044717430808577
867044920023891968
867045042145419267
867045195635994624
867045290750091268
867045554559131649
867045579133771776
867045602240212992
867045697916456960
867045816472444928
867046153883439105
867046356061483012
867046363262996481
867047420080734208
867047620652417024
867047635621949442
867047676415688704
867047697261486080
867048102435340288
867049066546450432
867049168321232900
867049332519964672
867049430901559296
867049951301296129
867051267562000385
867051303922311168
867051488886964224
867052326397382657
867052585886273537
867054186093064192
867054336454651905
867054589505294336
867054627065298944
867054836453437440
867055036550873088
867055067777650689
867055609752977409
867056491450249217
867056789157584897
867056842513543169
867056847475400704
867057092502458368
867057313298890753
867057359033700353
867057484095266821
867057614990921728
867057662130880515
867057811104182272
867058603852668929
867059470182100993
867059904967823361
867060406380089344
867060432032251906
867060894886313984
867061512564858882
867061519791648768
867061648464297984
867062156537339904
867062551984656384
867062847414575104
867062956185571328
867063021893369857
867063703086256130
867063777048408065
867064424380727298
867064852245864449
867065765995958273
867065913450823681
867066181294927872
867066468696965120
867066593683148801
867066676176723969
867067557492260866
867067615914668032
867068560899813377
867068979642212352
867069096000671745
867069105538560001
867069383331520513
867069530471895043
867070455848587265
867071017922854912
867071038089080832
867071343510028289
867071373126008832
867071481527902208
867071758419021824
867071910357512194
867071910579912704
867072834811703297
867073659286032384
867073979437154307
867075117028954112
867076271057977344
867076756825677824
867077121637744640
867077432209264640
867077484788973573
867078707562917889
867078709391482880
867078970776457220
867079695757651968
867080984742600704
867081163663446017
867081719538606082
867081825050652672
867081904037744642
867082243948380160
867082299887804424
867082365256048641
867082926932066308
867083415677538304
867083819366711296
867083840250142720
867085319920812033
867085422970712064
867085510078025728
867086117572681729
867086621992202240
867087152479383554
867087876621840384
867088481771814912
867090344218939392
867090440058785799
867091011335593985
867091886330327040
867092513093545988
867094869730357248
867095137117102080
867095353308225536
867095442764550149
867096077614419970
867096101010247681
867096339527733250
867096872640557056
867096890839584769
867097620728213504
867097966942793730
867098970228744192
867099839968022528
867101041136979969
867101273803415553
867101603358285824
867102529775128576
867102558292250624
867102832176107521
867103048245678082
867103481001369601
867104856678510593
867105037721497603
867105183645540352
867105201785892864
867106344314318850
867107651280228352
867108753908408320
867108994715922432
867109145236865024
867109409700360193
867109530915745792
867109565338456065
867110910665662465
867111178648125440
867111234411401219
867111888366252033
867112162782609408
867112350154842112
867113118085894149
867113993101611008
867114337353306115
867114810424651777
867115056273788928
867117075139108864
867120099983065088
867125885186519040
867125897752698880
867125969441759234
867126458191368192
867126931145322496
867127584437317632
867128942427119617
867130040739397632
867130789103906817
867131883355852804
867133288678387713
867134332766474241
867134682915319809
867135762579550209
867136116687855616
867136585850138624
867138212774502400
867138314553446402
867138322451353601
867140303861538818
867140344667934720
867142854027694081
867143366458449921
867144699475357697
867153120589230080
867153847659053056
867157853802516481
867164255044468737
867164396337807361
867167959663484929
871211290110197760
871211298868023297
871211368661229568
871211539918974976
871211681065598977
871211710639681539
871212359779536896
871212530089287680
871212704379351040
871212863657877505
871213798484398088
871213818717773824
871214076239560704
871214125581561856
871214616034017280
871214623806062592
871214949514792960
871215163159990272
871217421696122880
871217640248721408
871217806645354496
871219468298575872
871220267686678529
871220454249418752
871220728833638402
871221062796816384
871221671306424320
871221749953708033
871223435166441472
871225574211170304
871225936276008960
871225942622035968
871226166908203008
871226895274315776
871227203442229248
871228589580050432
871228629371498496
871229714400235520
871230177455599616
871231461722116097
871231799313129472
871232488848412672
871233034707546113
871234031173738497
871234035854581760
871234917425926145
871235491026391042
871235831142301696
871237797910388737
871238196784275456
871238838886256640
871238922545897472
871239089005133824
871239690631827456
871239967787405312
871240196540551169
871240523276791808
871242695989219328
871242737361793024
871243345200381952
871243703951798273
871243997787938816
871244378072907777
871244749004578817
871244812284047360
871245455358742532
871245483464945664
871245890828341249
871246163927851008
871246248933822464
871246411894894593
871247017808363520
871247155163484160
871247332955889664
871247804848627712
871248326720708608
871248722956562432
871248803948634112
871249095003865089
871249432330764288
871249904856952832
871250171438534656
871250268372910081
871250429325303808
871250444789497856
871252065309388800
871252268863062017
871252538141618176
871253127864999936
871253579948056576
871253593927680000
871253628190949377
871253734151598080
871253959805161472
871254317591867392
871254365465653248
871254379088793601
871254636988174336
871255498636578817
871255634880147456
871256321588375553
871256492766359552
871256568846704641
871256639118168064
871257023089868800
871257029750530050
871257354775482368
871257416075182080
871257439462719488
871257456537739264
871257457250541569
871257461587685376
871257563899117568
871258038849740800
871258067173814272
871258601809227776
871259159131500544
871259205889662977
871260640161153024
871261445836734466
871261584227741696
871262193999892482
871262204020051968
871262474263252992
871262699916853248
871262826752618496
871262858708963328
871263730503430144
871263973026537472
871264303470579712
871265319859486720
871265368010104832
871265860656214016
871266317889818625
871266781956100096
871267059954536448
871267416965251073
871267602257121285
871267701070729217
871268267763126272
871268634064289792
871268876788654081
871269047253577728
871269883740381184
871270514588823556
871270662727401472
871270772953796609
871270835859968000
871270934094778368
871270947994710016
871271151636541440
871271312278396929
871271408596332544
871271954074001408
871272404009529344
871272698953035776
871272726299779072
871272766292598784
871273069347778560
871273538401050624
871273650288300032
871273796199645185
871273983223758849
871274570824773632
871274828283740160
871275600790638592
871275748753125376
871275917959720961
871276085417299969
871276776491757569
871276989969297414
871277852599214080
871278168686112768
871278270414811136
871278383149326336
871278496219369472
871278564355788800
871278751526645760
871279142834241538
871279226007285760
871279516534145025
871279772827082752
871279898186436609
871279979908263936
871280010593800192
871280079246110721
871280261304111108
871280564237721600
871280677500706816
871280864256196608
871280979452858368
871281136835727360
871281292490485760
871282005920673792
871282243393785858
871282404215881728
871282508138242048
871282752674516993
871283225410375681
871283252325208064
871283331417219072
871283471926296577
871283922293989376
871284244441649152
871284371122245634
871284651918315520
871284906005016576
871285102600388608
871285172427259905
871285185341423616
871285243558416384
871285512098779136
871285918631698433
871286102124089344
871286387710074880
871286511999778816
871286831677136896
871287131863486464
871287371777572864
871288002022174721
871288226324987904
871288331174326272
871288554072223744
871289152041611264
871289453964386305
871289703315767296
871290373271941121
871290416808816640
871290472953786368
871290497435914240
871290507204448256
871290999246651393
871291563871264768
871291611531051008
871291615096311808
871293502205943809
871294676220903424
871294705639849984
871294747545145344
871294761080152065
871294776636825600
871294788078903297
871295025157689345
871295076437282816
871295575374929920
871295788902699008
871295897979801601
871296137881321472
871296200166846464
871296226762919936
871296682310369280
871296703139336192
871297011529789440
871297229880819713
871298115260862464
871298749041184769
871299098397290496
871299671989395456
871300352343232512
871301147499298816
871301597715992576
871302868028067841
871303717202669568
871303867237117952
871304284951937024
871304815766274049
871304984746483712
871305001452404737
871305930419384320
871306394686955520
871306903158181888
871307198546272256
871307310861348864
871307658221023232
871307691922259968
871307788525473792
871308049142751232
871308655865597953
871308761864040449
871308772693729280
871308795397500928
871309138516692992
871309302677598208
871310516525903872
871310667005014016
871310729172979712
871311213044654080
871311919407394816
871312282118225920
871312849422999553
871312894381707264
871312995758075904
871313160992673793
871314172335841280
871314203101061120
871314540402814977
871315510117486592
871315727797673985
871316473725071362
871317083061051393
871317308559564800
871317451962712068
871317679864504320
871317877999185920
871318037261103104
871318037290504192
871318297295429632
871318347220217856
871318429411811328
871318973215907840
871319802991792129
871321343995727873
871321765796077568
871322123532480512
871324428382154752
871325025323937792
871326582257983488
871330360818380800
871330463121592320
871331204875902977
871331551967105024
871332996313477120
871334680494297088
871336388393918466
871336562361073664
871336839612968961
871337575746809856
871337596563189762
871337707439632384
871337788926545920
871338499601027076
871340309564854272
871343868805079041
871344390740078596
871345148457885696
871345184835031040
871346248145653761
871347035563339776
871347215402491904
871348121460240385
871348686504300546
871349330870980609
871350279987494912
871350570841452544
871350835388854272
871351026720407556
871353266881351684
871356183482961926
871356314085195776
871356627881951235
871356809545646082
871358493873319937
871358711134117889
871358826158731264
871358899714174977
871360397776998400
871360643135352834
871361016344567808
871361723537780736
871362013150273536
871362684469510145
871366403676184576
871366551940866048
871368065836957699
871368143523938305
871368251095130112
871368752163692545
871371477760831488
871371909090463744
871374459759939584
871376704731627520
871377793107603457
871379947205558273
871381721211699200
871382415226396672
871386680003100672
871387963384619008
871388708058091521
871389530200440832
871391536587706368
871391920337149954
871392679078309888
871392879012446208
871394898875961344
871394971923992582
871395255811162112
871399717732798464
871401245419950080
871401899802611712
871403126389133312
871404246230593536
871404813220798465
871405718750072833
871406109483048960
871408429159546880
871410349580439554
871410739122065408
871411283098087424
871412756406300672
871414668748877824
871414849443684352
871415066628935680
871418749852766208
871419311084244994
871420951984041984
871422530652864512
871423082094891010
871424512339968000
871424702539075585
871430503039205377
871432768541958144
871432890751606784
871433832850833408
871437022740742144
871439298582675456
871440637563981826
871450625502040065
871451775240417280
871452594299916289
871453731346427904
871460440819331072
871464361105272832
871465764812992512
871466290522861568
871466792438431744
871470589281808390
871472541679964161
871472844882022400
871473154803322881
871475084602560512
871476867370536961
871476900937519106
871478191516504069
871478696930136065
871479810337505280
871479994941308928
871480971417268225
871481093110857729
871482006009458690
871482814486663168
871485672279990272
871486433734918146
871491453117181953
871492938945245184
871500651209117696
871506295899258880
871509216208461824
871510078125461506
871512005794045952
871513596504788992
871545191760629765
871554346110119940
871577451536809985
871606546639319040
871617591533387776
871620227334844417
871622668050509824
871622949727555584
871624148321218560
871627317214367744
871628695206641664
871630761518133248
871632502909227008
871636088338731008
871637005591080960
871638352931454976
871638716485431296
871643743660781569
871653259840069632
871659611031556097
871662638400405504
871663678969585665
871682741213032448
871684541353787392
871693099805880320
871694879927271426
871699233526697987
871706173505814528
871708397141463046
871740841819242496
871747460300931076
871754351101919232
871764706180173826
871771589729296385
871780491531255808
871799441665249280
871810149375254529
871838836673916929
871850004146737152
871864124359290881
865844912767610880
866828780396056577
867018936021393408
867020154433150979
867020212150951937
867020325820747776
867020326907109378
867020343659171840
867020383089704960
867020407559401474
867020413167063040
867020423640346624
867020470440349696
867020535250788354
867020540422303744
867020561221902337
867020579286790144
867020673519988736
867020681145462784
867020725613449222
867020727169552384
867020766390272001
867020767237746688
867020780152004609
867020823915319296
867020829959352321
867020883600302082
867020950906208256
867020954307895296
867020988122378241
867021002311696386
867021026244382720
867021083555377153
867021099367776256
867021130024058881
867021157714857986
867021164878671872
867021179151831040
867021186865086470
867021198957400064
867021201968967680
867021237528211456
867021250064941059
867021263658668033
867021361897656324
867021453857767425
867021481779367940
867021484153163776
867021712071589888
867022394216640518
867022400382148608
867024393284841473
867024577704144897
867024762161307650
867025710136688641
867025710786981888
867025800817758208
867025868488495107
867025909722861569
867025945634496512
867025990563901441
867026004509954048
867026052895444994
867026063276355584
867026071006216192
867026080183590913
867026092141363201
867026134143205377
867026155660038145
867026166171021313
867026241903132672
867026297490472961
867026307845992448
867026329803214848
867026403505602560
867026457544933376
867026491644809219
867026520258347008
867026559361630208
867026577388953600
867026666165592065
867026787594883072
867026804112072705
867026911897075717
867026947402076160
867026964317687808
867026969828794369
867026991404470273
867026997372964866
867027006915055617
867027010144489473
867027048161783809
867027094794104833
867027198460534784
867027214205722624
867027214860263424
867027261773541376
867027271718252544
867027274184478720
867027302919438336
867027304727408640
867027340467064833
867027968077561856
867027996913188864
867028481766555648
867028516008861696
867028857303388160
867028987230343168
867028990824939520
867029841316651009
867030970033221632
867031163847794690
867031896391331841
867032959081226246
867033089830043648
867033190040567808
867034352215052289
867034357629931520
867034631601770501
867035078324441088
867035362878791680
867035662318481409
867036531873198081
867036588294975488
867036880373665792
867037039748841472
867037641275052032
867037961925394432
867038102170124290
867038240284434432
867039234728898561
867039770387652608
867040498468442112
867040867097477124
867042387054387200
867043396287954945
867043914489806848
867044128428670976
867046024413679621
867047050776461312
867047631406735360
867047924798111745
867048585937829888
867048614413074433
867052552528867328
867053020801974273
867053929863032835
867054491891355649
867056417924042752
867056469870612480
867060431189401600
867061576297177088
867061614637461505
867061966979960837
867062781287071744
867063039324856320
867063149156900865
867064380063698945
867066024516091904
867066120309620736
867067082692800512
867067220739993600
867068149321015297
867069322312769537
867069569713803264
867069696633438213
867069930419531776
867070155783897088
867070203170922500
867070864617066496
867071371498704896
867073260453675008
867073927998132224
867073971291910144
867074219162697729
867074760521506816
867074797079023616
867075741464375297
867078189935415296
867078206440001536
867078424950706176
867078629460774913
867079762338041856
867080128559542272
867081605168455681
867082712892530688
867082890349117440
867083788588785664
867084699536994304
867085189381599232
867085347053645824
867085464188080128
867086956391538688
867088120759672837
867088937705242624
867090735174230016
867091305582776320
867092187611312130
867092524858527745
867093214611812357
867093417322582018
867094895126863874
867095456773398528
867095489732370432
867095960836390912
867096423598366720
867096711830917124
867097160000700417
867097249154703360
867099902290968576
867100890397802497
867102211804934144
867102709102641152
867103794185867264
867104110880935937
867104444462313472
867105099100848128
867105664992030720
867106042156634112
867106576271900674
867107192612286465
867109178871083008
867110735091867648
867111306125508609
867111436358737920
867112272820350976
867112983641640960
867113465202266116
867113915452465152
867122350071980038
867122368195551233
867122445920198657
867122588820152322
867122610995433480
867122632810012673
867122636647694341
867122785902104578
867122990705766400
867123219458904066
867123255169232898
867123263452917762
867123335523696640
867123365714251777
867123506366099457
867123750709473280
867123765636984836
867124301404745728
867124363652366336
867124403351547904
867124409345212416
867124413879201792
867124452374589442
867124528392151040
867124557848694785
867124576022654976
867124597090549760
867124689499541504
867124707086270464
867124754658054144
867124788229177345
867124838292434945
867124844663627778
867124944207048707
867124947096936449
867125005703925761
867125105293500417
867125199954726913
867125271597641729
867125292481040387
867125299036790784
867125308717137922
867125327205728257
867125371841519616
867125381295374338
867125486354399232
867125566343872512
867125647319216128
867125855809552384
867125898885124102
867125916987777024
867125972763586561
867125992447516672
867125992564903936
867126041839628288
867126071828918272
867126167643541505
867126191358173185
867126217778110466
867126339551338496
867126437500899329
867126487773851650
867126496447651842
867126713075027968
867126749124894720
867126759405367296
867126956738924544
867126962233327616
867127033486336000
867127034153242627
867127037734952960
867127344196136961
867127350009487361
867129104927207424
867132539441369088
867133058125877248
867133134558646274
867133170440863744
867133209770852352
867133244776620036
867133251906875392
867133266645667840
867133397474435072
867133442500251648
867133451924852738
867133556761305088
867133597647548416
867133602974314497
867133609886576640
867133665893130241
867133847871397889
867133877508345859
867133938334130176
867133950690435072
867133973826347008
867134057838125056
867134330384113669
867134540539506688
867134552522846208
867134597674532864
867134605601759232
867134771712974849
867134799789555712
867134897122680835
867134963178778624
867134993230950402
867135016630931460
867135312203526144
867135577510076417
867135671907045376
867135715196448769
867135862441750528
867135970260529153
867135997485568000
867136178851545088
867136187965861888
867136309290307585
867136512877625344
867136613947764736
867136667613876226
867136667613876226
867136778313936896
867136791865954304
867136831460081670
867136865211748353
867136880659357697
867137132984500225
867137183374770178
867137320620830721
867137346004824064
867137656609755136
867137662309806081
867137696027648000
867137749370982400
867137887392985091
867137898784731138
867137930556526593
867137991067807745
867138052862431237
867138149209821184
867138184647286784
867138379254829056
867138763310473216
867138899604385792
867138987483439117
867139075819622401
867139226047008768
867139287032135680
867139477281656833
867139597410734081
867139700888227840
867139737240383488
867139778310844417
867139835999473664
867139852143349761
867139860712366081
867139967579029505
867139970229784576
867140009912152064
867140087460634625
867140092573495297
867140109946277888
867140266595147776
867140302204788736
867140331619336192
867140457809281025
867140513983455237
867140573832073217
867140667918757888
867140745307844608
867140763599212545
867140970231595008
867140980352438272
867141105275596801
867141129137004545
867141194161291264
867141202356957184
867141303217344512
867141344644534272
867141408628584448
867141434469756928
867141444477345792
867141632067588097
867141716482174976
867141755447259136
867141924880338946
867141961597296640
867142017251516420
867142020799901696
867142025380081665
867142075342610440
867142172105207808
867142222109650947
867142362681802752
867142696774848512
867142921786724352
867143014870855680
867143067534589952
867143084647354370
867143129610072064
867143204499533827
867143215404785665
867143240578985986
867143243460489216
867143256412274689
867143328252428289
867143373827837952
867143381285130240
867143427351347200
867143600051822594
867143708923351040
867143796546469888
867143851143725058
867143943518998529
867143972849938435
867144040101412865
867144111954022401
867144140580061184
867144170833678337
867144313481961474
867144395669127170
867144417022431233
867144480134230017
867144545665900545
867144609016815616
867144649051430912
867144689312563201
867144769587335170
867144828131389441
867145006133280768
867145030011543552
867145085724631040
867145086357909504
867145228314136576
867145298807836672
867145299206197248
867145354382372866
867145357519663106
867145576630018048
867145588416098305
867145711451856897
867145787507056640
867145814107459584
867145923624935425
867145932080590848
867145936983670784
867145942771703808
867145969506410500
867146048095039488
867146347966869508
867146429550166016
867146631208153088
867146958795927552
867147041222348800
867147209862721539
867147212773445632
867147360182423552
867147390519738370
867147431472967680
867147447834947588
867147471897735172
867147504965562368
867147554743402496
867147867055472640
867147907719364610
867147916749799424
867148326143242240
867148341892845573
867148400923467776
867148488898990080
867148597095276545
867148657887510528
867148824120315905
867148943729217537
867149045541871616
867149064646807552
867149197354516480
867149365315592193
867149391106162688
867149415965839360
867149416716804096
867149493283827714
867149543573475332
867149545192411137
867149584358887425
867149653539569664
867149848822390791
867150054091403264
867150184614113280
867150287726936064
867150312985030657
867150326541025280
867150402776596480
867150457592041472
867150491658190852
867150491658190852
867150491658190852
867150491658190852
867150491658190852
867150491658190852
867150491658190852
867150491658190852
867150491658190852
867150730829983744
867150735909294086
867150939135909888
867151116751994880
867151138524626945
867151343554899969
867151345282928642
867151346457354241
867151349833715712
867151572152836097
867151667694665728
867151699420471297
867151771365511168
867151850033819649
867151856258174976
867151856912478208
867151899279208448
867151914173161472
867151914261262336
867152219098841088
867152297691934720
867152355481014274
867152620800155648
867152645437476868
867152729940086784
867152838975246336
867152872030515200
867152923981209600
867152928573992964
867152994978201605
867153000095252480
867153058572062720
867153374671777792
867153432062246912
867153620487331840
867153690444038145
867153707909206016
867153721502961664
867153848439361536
867154014240165889
867154054555738112
867154102853218304
867154251574902784
867154435889287168
867154531037192192
867154748205563904
867155123457458179
867155149323722755
867155204776636418
867155363010932736
867155371613233152
867155476701728773
867155627398897664
867155831212527616
867155984363524097
867156194263056384
867156280804335618
867156313159106565
867156480746676224
867156506202054656
867156572392312833
867156618642944001
867156976161128448
867156997719838722
867157148073066497
867157239919853568
867157255921291265
867157263764434944
867157637263237123
867157655135170562
867157666707189761
867157720608239617
867157803789451265
867157980420100096
867158297845137408
867158305306628097
867158390996381702
867158667866583040
867158751333298176
867158806404452352
867158913833201664
867158950181044224
867158965930668032
867158968283443201
867159022868234241
867159211762786304
867159246525288449
867159574276648960
867159862022737921
867160051731103745
867160091723792384
867160155674337282
867160398755180545
867160434738171904
867160631027302400
867160637599830016
867160839588954113
867160887790108672
867160933759541249
867161301474267136
867161421410426880
867161683252453377
867161784104488960
867161956855271424
867162387824115712
867162626119405568
867163051090354176
867163149513961473
867163216849371136
867163257135480832
867163364509745152
867163404993220608
867163752592019456
867163818094407680
867163999963631617
867164313747832832
867164317384421377
867164341593939969
867164354906648580
867164504769142786
867164542694043648
867164608854884356
867164933846220800
867164961583185920
867165089580945408
867165093775015936
867165128902541315
867165217209204736
867165375003328512
867165404678017024
867165460407623681
867165546797813761
867165731758063617
867165773751394304
867165827119828992
867165972364505088
867166143147945984
867166167680647168
867166254926356480
867166299595714560
867166349755154434
867166409809428480
867166954905370624
867167013130645506
867167094692995072
867167094692995072
867167159167864832
867167219406557184
867167270195179520
867167503708856320
867168058158096386
867168207706230784
867168216618893312
867168244334907392
870228116861538305
870304789774688256
870326162916028416
871142496054554624
871210904636882944
871210923998011393
871210943841271809
871211166072274947
871211272674693121
871211284108365824
871211292186390529
871211341184249856
871211390924607488
871211419425021953
871215540228022272
871217476658491392
871217799905112064
871217933971636224
871217956180549632
871217997506985984
871218070953619456
871218123181043712
871219275679268866
871223058798964736
871226830916915201
871228088604123137
871228794748665857
871228848247066624
871228876604588033
871228911681589248
871228942312652800
871229179504730113
871229301722669061
871229332173094913
871229378352615424
871229499660259332
871229686432575488
871229695689359361
871230129749450754
871230223861387264
871230252390993921
871230302840074240
871230370502594561
871230613717737472
871230764725260288
871231079465844736
871231086948360192
871231097937506305
871231189603934209
871231195929030656
871231344705228800
871231529493581824
871231559470338048
871231612356263936
871231629217472512
871231670082572288
871231705025314817
871231963595780098
871232112149630976
871232256546754561
871232331687776256
871232379968421890
871232426726617088
871232497954152448
871232548180942851
871232823478374400
871232913567870977
871232979699453952
871233126197899264
871233156564877312
871233194036649984
871233253587341313
871233344926863364
871233356888977408
871233389118066691
871233592571174912
871233620328955904
871233636686811140
871233751266807808
871233809508859904
871233814541901824
871233827737415681
871233930283843586
871234302188683265
871234331133362176
871234377228988416
871234636487282688
871234806826360832
871234915739815936
871234935176220673
871234964620267520
871234977987522560
871235015551614976
871235015824351232
871235073475063808
871235187308408832
871235235496828928
871235249149280257
871235302328807424
871235360050872321
871235402006315008
871235444238942208
871235463645765632
871235609439981568
871235618315096064
871235636916834305
871235673801449473
871235690989858816
871235761819054080
871235878970171393
871235933252747264
871236011547873281
871236128757739521
871236178724311040
871236190363627525
871236204741746688
871236241622216704
865844912767610880
866968178387189760
867018995651792896
867019013259370497
867019035212492800
867019039662583809
867019048340512770
867019055651323905
867019076853350400
867019091625689089
867019219363397632
867019221859004416
867019313474973698
867019359146979332
867019364729368576
867019389400428544
867019398120394753
867019474943324162
867019502147579904
867019551099285508
867019721903792129
867019831039713280
867019921758277632
867019923926773766
867019992579145728
867020082924466180
867020085059244032
867020093808627714
867020114557902848
867020179238256641
867020361744961537
867020366492946432
867020470247358464
867020498642890752
867020521606488064
867020528652963841
867020575138623489
867020598186135552
867020673625075713
867020758752645120
867020831611908096
867020843771146241
867020952223322112
867020964185350144
867020977783402496
867021077687525376
867021205777395712
867021258776596496
867021303307546624
867021317555585025
867021342880575490
867021394369970176
867021437214830592
867021653171109890
867021655167696897
867021691418845184
867021709316157440
867021716547149824
867021723383857157
867021778677370881
867021779499397120
867021850823602176
867021894326923265
867022212838158336
867022219297173504
867022228566802433
867022325685903360
867022336020668417
867022559879069696
867022570264154114
867022704544800774
867022729932926977
867022743010770945
867022828616294401
867022906890563584
867022925370724352
867022989891686402
867023042911903744
867023072833961984
867023115783729153
867023119093030913
867023235547881472
867023237754048514
867023335238008832
867023390074339328
867023404469190656
867023512980135936
867023527391764481
867023621755211777
867023664700575744
867023761135943680
867023832464465921
867023882213089280
867023905566978049
867023941356765184
867023996193308672
867024040225013761
867024053315534848
867024070793191428
867024108181229568
867024109376589824
867024210358484993
867024303488815104
867024320878362624
867024346132475908
867024492694036480
867024544686538753
867024577704144897
867024602802917376
867024640476106752
867024738228604928
867024818738253825
867024825235025921
867024832080347136
867024855606145024
867024997793103873
867025026918297600
867025282921877505
867025428795580416
867025514355204096
867025581765996548
867025679665311746
867025813799030784
867025827032117248
867026014748250113
867026094234456065
867026108675481601
867026419263561728
867026449735331840
867026582505967617
867026650059362304
867026679931183104
867026691188817921
867026724285931521
867026738571878400
867026775347482626
867026793366253569
867026939474845696
867027016377171968
867027113270009857
867027124405907456
867027140453289984
867027168827768834
867027212503064576
867027217200672768
867027254135537665
867027352638808064
867027432234242048
867027432926314496
867027442191540226
867027635817164800
867027677252812800
867027755363430401
867027758735544320
867027778826272768
867027818902933505
867027847168237573
867027849001275393
867027901912301568
867027910560972802
867027992198881280
867027996254683137
867028129507794946
867028167948734465
867028329802588160
867028338837258242
867028404331311106
867028593842331649
867028701543673856
867028771320233984
867028959094951936
867028973448040448
867029076346851331
867029084320268288
867029134618144769
867029313052430336
867029320551854081
867029355528155136
867029436327223296
867029446490025984
867029491247439873
867029516044120064
867029552459108355
867029691038711808
867029832038842368
867029847025082369
867029891237253120
867029975953747968
867030044631236608
867030123903500288
867030207022215168
867030266837073920
867030299695239168
867030330267643906
867030402787160064
867030417395728384
867030428464566273
867030446063878144
867030453286354944
867030456646209536
867030494000676864
867030543166300162
867030558395686913
867030563093450754
867030592738783232
867030599831359490
867030638855045122
867030679405461504
867030784162619392
867030836805337089
867030851024035840
867030866870108160
867031040191111168
867031046486986753
867031060709855232
867031084197748737
867031236061020161
867031322539081728
867031324174962688
867031361323884544
867031441846259716
867031529620373504
867031581952811008
867031642736611329
867031709878845440
867031835712401408
867031883024150529
867031896391331841
867031950892171270
867032040830492672
867032123789758464
867032166433247232
867032234699751424
867032244107563008
867032255813869568
867032268480622597
867032660748709888
867032670836019202
867032882828779520
867032927502258177
867032994116239361
867033013623767040
867033019709784065
867033028165591040
867033029176422401
867033064102400005
867033144402333696
867033156255440896
867033190661332993
867033266079096832
867033300568768513
867033311071404032
867033322202963969
867033357435129856
867033421318569984
867033431154319360
867033455082618880
867033493771091968
867033544991887360
867033601640210433
867033613078073345
867033710595416064
867033787082952705
867033797958696960
867033927965331457
867034004880584706
867034031552114689
867034400013340672
867034475036893184
867034505617563649
867034524319961090
867034566388666371
867034643446599680
867034789500657664
867034800921600000
867034812518936577
867034861646876674
867034976184913920
867035070196056066
867035085995991040
867035096905338880
867035238232236032
867035314413420544
867035363289812992
867035464326316033
867035551744053250
867035618748051458
867035755360641024
867035768556007425
867035779427708929
867035785115033602
867035890115325952
867035926546923521
867036063633747968
867036078494162944
867036082210304000
867036175567138818
867036184664567808
867036195750129667
867036303694733312
867036335172923392
867036356349919233
867036387282956288
867036566702747649
867036615302139904
867036808005210115
867036865819324418
867037050930950146
867037083541671937
867037199237304321
867037317424402432
867037381576228864
867037406855389184
867037424349794305
867037563844005889
867037698216873984
867037717800112129
867037970494365705
867037980988293120
867038013976698881
867038102170124290
867038111607398400
867038155873988608
867038187335458820
867038201843785729
867038264271806464
867038399517020160
867038476167921667
867038548351778817
867038778040369152
867038940615720960
867039109277245446
867039116353056768
867039522705592320
867039605593452544
867039629748219906
867039648631197696
867039733041569792
867039750238109696
867039763802574848
867039766730203140
867039844853313536
867039963648372737
867039977372344320
867040141797462016
867040159690371072
867040204531650560
867040476742000640
867040502117527553
867040520232677376
867040527396610048
867040583344377856
867040621097308160
867040640013651969
867040670518616066
867040684745916418
867040721613840385
867040809010552832
867040826601459719
867040910789554178
867040965499920384
867041134798934021
867041278575362048
867041333764132865
867041435324776448
867041502333218817
867041573888020482
867041603680129025
867041614967037952
867041638174121984
867041678254911489
867041763101466626
867041776183513090
867041900708061184
867041902348058624
867041940273057792
867041959965315073
867042015728590849
867042017716707328
867042110586986496
867042122536497152
867042255051378693
867042416188174337
867042489580097536
867042517354782721
867042559335559168
867042608933109760
867042659147427840
867043148698050560
867043155539087360
867043185368944645
867043244856750080
867043315073548289
867043344945487872
867043501317423105
867043633085722624
867043635967254531
867043755530088448
867043771233521664
867043878225854464
867043913575616512
867043952947585025
867044119423700993
867044126604369920
867044157151432708
867044217914355712
867044233550733313
867044273149104128
867044399104090113
867044810586247169
867044829615853569
867044885538496514
867045038575845376
867045043516956672
867045100614021121
867045292817993728
867045303660273664
867045394206818305
867045456286806017
867045496317194243
867045591041400832
867045661325365249
867045695097716736
867045740148928514
867045815881265153
867045825473646593
867045826325082112
867045826404679685
867045826748710912
867045989936381953
867046063001284608
867046079937871872
867046144601448448
867046260674527234
867046312390389764
867046348213940224
867046357051203584
867046372226334722
867046468376555520
867046927128506368
867046943616253952
867047050289889280
867047061316882432
867047080631693312
867047088042987520
867047115834478593
867047168212819968
867047174055571456
867047285598953472
867047385830129664
867047444550479872
867047610124824579
867047885103411201
867047898378366976
867047944997842944
867048093925072897
867048185428135937
867048270790406144
867048430128033792
867048467222466560
867048539804880896
867048546532503553
867048677633925120
867048734361657345
867048738769993732
867048785184272384
867049014834999296
867049066353512448
867049071080550404
867049110515232772
867049114349043717
867049144090624000
867049209605836800
867049241755234307
867049306183786498
867049688414928896
867049771328049152
867050062676996098
867050195800006657
867050201483157504
867050535639277568
867050537166016512
867050622700400640
867050665943732225
867050727243436032
867050816288501760
867051123680493568
867051193998102528
867051301900648448
867051406024253440
867051620873490436
867051683452407812
867051895151636480
867051933365751808
867051990337060870
867052031063855106
867052087875698688
867052190220857348
867052331677794305
867052439744069632
867052507373162496
867052575882924032
867052634401906689
867052751213043712
867052989466288128
867053020801974273
867053136158105600
867053149160386560
867053240688553987
867053337501290496
867053347068661761
867053364454051840
867053411010846721
867053494427058176
867053541525000193
867053578858483714
867053929863032835
867053946401038337
867054136851935236
867054152832233475
867054224940687360
867054249884098561
867054266866860032
867054325167603712
867054484278566912
867054507896619008
867054616671899651
867054662909779969
867054737308368896
867054795156336641
867055118822375429
867055184618414086
867055214620270593
867055523673321474
867055652845137920
867055688437989376
867055759531532289
867055967543930881
867055991975759872
867055992613343232
867056189967749120
867056313620156416
867056328023343104
867056350622347264
867056549423874049
867056737727262721
867056811492466690
867056909538480129
867057128027987968
867057174400430080
867057174953984000
867057247196782593
867057279086067712
867057390277070850
867057483763896322
867057543755030528
867057573022887940
867057826040078341
867058060061270016
867058153577488384
867058163505352705
867058218408833026
867058385488949248
867058432507084800
867058635507212288
867058761734684672
867058783431921664
867058940693053440
867058946686824448
867059159635722240
867059165277151232
867059171312750592
867059225356378112
867059323096231936
867059520278745088
867059561819013120
867059573496184832
867059697307852801
867059989185261569
867059997263503361
867060000715296768
867060016712306688
867060069292281856
867060087457820673
867060107112095744
867060234321362944
867060358942470146
867060445131231235
867060558285164544
867061002017406976
867061293760602114
867061409405956096
867061606101827584
867061644739788801
867061650444177410
867061785265831937
867061793159471105
867062190376984577
867062193287684096
867062235146932225
867062245896863745
867062257800417280
867062290641633280
867062320979206146
867062339023097861
867062352725671936
867062365480783872
867062412347940864
867062419654402049
867062431159341057
867062445969481729
867062448762834945
867062460796350464
867062644624302080
867062765248184320
867062781341818882
867063067544354818
867063130857361413
867063303905845248
867063373510225920
867063657133469697
867063690406789121
867063725320286210
867063741904371712
867063787052036099
867063874998067200
867064217312010240
867064256390451200
867064441304530944
867064528617390080
867064897099546625
867064912379428865
867064997255536640
867065059004084224
867065327850573824
867065334364160001
867065407940812801
867065450915442688
867065558465888256
867065846950219776
867065920983896065
867065932010713089
867066017863917568
867066043470155776
867066064915398656
867066358370119680
867066495930699776
867066519393533953
867066811967315970
867066827456884736
867066981429780482
867067062094503936
867067234103042049
867067393289355264
867067411916259330
867067435215728640
867067491268177920
867067500911001600
867067531831504898
867067864569847810
867067893221138432
867067930793709569
867068076553945088
867068458747535360
867068724678991872
867068782627389440
867068947560112128
867068967566946305
867069168251744256
867069240288923648
867069347642171394
867069537044369408
867069549585235968
867069789755277314
867069809103704066
867069946597167104
867069947171803139
867070031334658048
867070112775290880
867070424923983873
867070625474646017
867070676846432256
867070856123498496
867070870426189825
867071480596770816
867071542676652032
867071675384438784
867071797476413441
867071841655021568
867071879282016260
867072015173378050
867072076372377611
867072115345952768
867072256953995264
867072471501086720
867072532096090112
867072545928994817
867072607765626882
867072731740864512
867072768445165568
867073056027672576
867073499722117121
867073824528969729
867073851703910401
867074271474057216
867074344186294272
867074446573621252
867074668691431425
867074685959376898
867074760215330816
867074797079023616
867074834769096707
867074840485933056
867075095994540033
867075112943661056
867075138168078337
867075423481597953
867075455198932996
867075722120237057
867075787270361089
867075795981938688
867075821600747521
867076050131484680
867076134445469696
867076260891041793
867076610800852992
867076743340974082
867076914644733956
867076997629063170
867077076058349569
867077082043600896
867077427251605504
867077456511062017
867077535926022146
867077606520365057
867077692293865477
867078028932907008
867078052307763200
867078062067904512
867078074147274752
867078337755303939
867078483490590721
867078677582028801
867079017039515648
867079333252390916
867079399417552899
867079438068043776
867079500009484289
867079542833381376
867079576031309824
867079932148580352
867080014956814336
867080056950149120
867080137979961344
867080177406410753
867080271757287425
867080414954958848
867080503211458560
867080610984099841
867080795248353280
867080860499156992
867080994951753728
867081151856472068
867081309134483460
867081358283202560
867081576051605510
867081921909710853
867082086011850752
867082144593702913
867082154580299777
867082304459595776
867082329868685312
867082417638699008
867082531539234820
867082611906183170
867083022272569344
867083092925853696
867083154540068867
867083308013940736
867083333125234688
867083401353773056
867083489685975040
867083490830974976
867083545986183169
867083674927419392
867083773258731520
867083823539945480
867084306769997824
867084315334758402
867084318539223040
867084332229439488
867084341138124800
867084415108829184
867084753710833664
867084895612547073
867085013883510784
867085142266974209
867085292930551808
867085563802914816
867086462268964864
867086468703027202
867086493478735872
867086544271704064
867086670956564481
867086681320681472
867086731627167744
867087099056599040
867087209878499330
867087254249975810
867087277100609537
867087415923572736
867087442049880064
867087561117884417
867087650775236609
867087678885560325
867087679082647554
867087949153828869
867088171581939712
867088277328637952
867088365245673473
867088585568202752
867088596393615360
867088718544482305
867089555501002754
867089639793983488
867089711990534144
867089789752934400
867089789866172416
867089917951791104
867090159430512641
867090233451581442
867090501702303744
867090706275250176
867090736096923650
867090925931114498
867091118411984896
867091319893708801
867091512361922560
867091567495921665
867091699679596546
867091788942716930
867092087061307393
867092184629161984
867092204845662212
867092291261014017
867092826617765889
867092830090645505
867092956477521922
867093227840655360
867093240813637634
867093288226050048
867093325278576641
867093438344331266
867093578224455682
867093675989495809
867093702791102465
867093889999654915
867093897012428800
867093900867010560
867094094883028993
867094284310372357
867094305869094912
867094333194989570
867094402916917248
867094519052947457
867094602217644032
867094639903485953
867094721545502724
867094818610180096
867094935111184385
867095140338479104
867095456773398528
867095868435988480
867095974275166209
867096021872115712
867096119549071365
867096146321313792
867096386218713092
867096423598366720
867096502862315522
867096624740356097
867096861139775490
867096878911021056
867097145098346496
867097193206906881
867097326237646849
867097425407770626
867097449633992704
867097493342998528
867097620044447745
867097693209997312
867097819072548864
867097861506437124
867098119405789189
867098157833998338
867098170978861056
867098306601791489
867098351921238016
867098408393355264
867098457277947904
867098513846542336
867098665633984513
867098667823632385
867098786555994112
867098814095794180
867099047903064064
867099058720079872
867099238500642816
867099326404861952
867099605703512069
867099631364300800
867099761509228544
867099990770032641
867100146181582849
867100298992648192
867100582363922434
867100603121532928
867100617474527235
867100726413197312
867100887180861440
867100978318909440
867100990381731841
867101061491957761
867101117712392194
867101142026784773
867101218828636166
867101266371125248
867101330522783744
867101402455212032
867101501008867329
867101531182686208
867101560987320321
867101636526837761
867101646005952512
867101682341208064
867101698589896704
867101713651683328
867101784296353795
867101827560550401
867101971647533059
867102233065816064
867102247691444228
867102372543307779
867102450385387520
867102524867792896
867102647890960385
867102781320122370
867102798130946049
867102830267473922
867103002431295489
867103314818867200
867103684894871553
867103804684025856
867103816231120898
867103909747228673
867103920702836736
867104126068510724
867104222906634249
867104234923339776
867104266347044864
867104347057991681
867104395288354816
867104519070547972
867104580328443904
867104800088915971
867104829956661249
867104909816193024
867105637318176769
867105741261463552
867105777596674048
867106065074315267
867106196343447552
867106308788555778
867106310315274240
867106326924726273
867106526544179201
867106588628307974
867106641761665024
867106843268698114
867106937577582594
867107095321227266
867107149683412992
867107152279875588
867107192612286465
867107197951418368
867107245850537985
867107254713147393
867107356508925953
867107654132523009
867107758432280576
867107795992268800
867108066873004033
867108158283677703
867108174662221824
867108184372248576
867108279658393600
867108286193127427
867108302571937792
867108511595081729
867108647217893380
867108670722772992
867108692394692610
867108839577006084
867109026189893632
867109094481682433
867109176543068161
867109230263795720
867109315357925380
867109326955184128
867109500288868352
867109753780133891
867109902313037825
867109916246454272
867110215568818177
867110294560047105
867110296397250561
867110375476666369
867110376953040897
867110436818309124
867110734647500802
867110867753734146
867110878893805568
867111392729595905
867111749253816321
867111911279796228
867111963117137920
867112441137725441
867112645211586561
867112690845589504
867112827802222592
867113261514280961
867113279403024386
867113352379731969
867113377730048000
867113410932207616
867113964387414018
867114268294090758
867114417833594881
867114769131679744
867114843068919810
867114993573019648
867115119842664449
867115409333526531
867115440220368896
867115461636390913
867115646739501056
867115708471271424
867116876291334144
867117032814383104
867117609459884032
867117950683185153
867118095525085185
867118684627755008
867118877297213441
867120316681736193
867120407320694784
867121582828904450
867122773482778624
867122787344953344
867123201326895106
867123393128275969
867125080001839104
867125104609812481
867125862461722625
867125874579185664
867125898914484225
867126082478067713
867126109950926848
867126168469811200
867126333670907905
867126360640114688
867126517595328514
867126707148304384
867126759526891522
867126773078790149
867126836039495680
867126948849491968
867127004042342402
867127074829545473
867127091518746624
867127462597197827
867127576954888193
867127751647653889
867127971051696129
867128220843462656
867128228632199168
867128334647529472
867128448581586946
867128526469828610
867128542575964160
867128702353756160
867128809853566977
867128816371728384
867128926967083019
867129012874649600
867129046534152195
867129104927207424
867129177052413952
867129232228528128
867129350910603264
867129393440796673
867129518661783557
867129645644357632
867129904009285633
867129913467432960
867129952688377856
867130148793049089
867130188391485440
867130207404269571
867130225498390529
867130270788538368
867130453182087168
867130459502723072
867130461549715461
867130562162589697
867130588830027776
867130592114200577
867130687895126016
867130726101245952
867131052401332224
867131277564162048
867131534746288129
867131786861719557
867131969351692288
867132000855044096
867132266975289348
867132398886047744
867132460634648577
867132682219728896
867132904035540993
867132960109146113
867133008121167872
867133100026990593
867133107148816384
867133202330079232
867133220999090176
867133421734293504
867133565607321601
867133659341606913
867133897523507200
867134365607788545
867134418066042881
867134441616965636
867134444724989952
867134605601759232
867134889208008704
867134994812215296
867135135623389184
867135178975711240
867135189532725249
867136146073059333
867136294157262849
867136942554656768
867137285183156227
867137448039657472
867137932192251906
867138002547552257
867138145023873024
867138202540179456
867138295272263680
867138324351287296
867138417141862401
867138573505527809
867138839470419969
867139168253743105
867139184376651776
867139312151805952
867139316753063937
867139364370907138
867139485842231297
867139518146777089
867139533359390720
867139559569711106
867139855809212416
867139925556244480
867139952114618369
867140311230939136
867140344445624320
867140511722868736
867140591997648898
867140606937706497
867140805089255424
867140843915948032
867140899595223041
867141435199549441
867141584399118336
867141631304138754
867142111589789698
867142462686593027
867142523147370498
867143449044242433
867143461794959360
867143781006618625
867144106673266691
867144128710225920
867144189762564096
867144310197760000
867144676637253632
867144724112715776
867145109896388610
867145345083617280
867145459177058304
867145518190809088
867146099718582277
867146733964451840
867147064316243969
867147126983340034
867147134059118596
867147416667029504
867147639824973825
867147831727075328
867147873120653312
867148114511228929
867148330530250753
867148579911065600
867148657312886784
867148899705917446
867148995671576576
867149155881205760
867149548791230464
867149722884210688
867149859161337858
867149997598539776
867150283553505281
867150742074912768
867150825256366080
867150873151111168
867150956265443328
867150986284077058
867150999978467329
867151597322862593
867151661365678081
867152036911075328
867152606639947778
867152653905784834
867152690912124928
867152981099257856
867153278844493824
867153328794468354
867153413540151296
867153712569081858
867153885319876608
867154198835712001
867154714147901442
867154888077172736
867154915159879680
867155578040320000
867155646193520640
867156136268623872
867156159496671233
867156362840723458
867156695096492033
867158229255585793
867159855571677184
867160471639658496
867160894152822789
867161696137293827
867162324443987968
867162921163517952
867164824265994241
867166483453022212
867167301644288000
867167366945398784
870228116861538305
870304789774688256
870326162916028416
871210900698439681
871211129749463040
871211245898272769
871211472390569984
871211654091988992
871211660958093312
871211880177688576
871211895776313344
871212262740041729
871212379379556352
871212735278743552
871213300490661888
871213610130960384
871213675847331840
871213861264687104
871214593204379649
871214801577549826
871214916342075393
871215646884876288
871215912715735040
871216242828431360
871216243096813568
871216710929481728
871216860481683456
871217661539229696
871217687988285441
871217782507130883
871217863658524672
871217973616418816
871218382921621505
871218556666617856
871218612555665408
871218709079175168
871219064911298560
871219215730065408
871219330595344384
871219372265660417
871219827301642240
871220083841880064
871220092373258240
871220127588507649
871220182085185536
871220221444366337
871220386972573696
871220426365702144
871220434284367876
871220577482264577
871220643232133120
871220821804666880
871220956437639169
871221028244074497
871221140735262721
871221898096594944
871222674063728640
871223004331724800
871223025357783040
871223325204385792
871223696123248644
871223713013915650
871224128254210048
871224232587427841
871224309179699200
871224589057241088
871224949469585408
871225049268834304
871225780394700800
871226598309203968
871227383197642753
871227825461886976
871227917237448705
871228023458103296
871228427134750720
871228545883717632
871228567597629440
871229151654666240
871229201680093184
871229819782082560
871230077790539776
871230118643073025
871230293272821760
871230385576869888
871230634043297792
871230722312417280
871230748375887873
871231135992250368
871231357468499969
871231640919576576
871231750940356610
871231792631730176
871231835971346433
871231950702465024
871231982302363648
871232156563099648
871232498608558082
871232638899544065
871232856122679296
871233218246303744
871233224030269440
871233239653994496
871233426640297984
871233667510784003
871234194403278849
871234286178979840
871234412171509760
871234468924854272
871234519986311168
871234605516509184
871234731228188672
871234874316926976
871235096363257856
871235327830130688
871235456893149184
871235507312893952
871235558483173377
871235647561977857
871235724514865152
871235842538299392
871236005805817859
871236143064506369
871236174463078400
871236290653630464
871236868943294464
871237062292385793
871238305513385986
871238447075282945
871238545855401984
871238927184801793
871239223889801216
871239430044094465
871239452773019650
871239564865798145
871239813332160512
871239842897833984
871240017645109249
871240446990852096
871240838738845697
871240958930825216
871240997803626496
871241041101201412
871241056670687232
871241219791257600
871241380902907905
871241448666091520
871241459688722434
871241785812635648
871241814862422016
871241861578596354
871242269839503360
871242447153754112
871242557816160256
871242571292577792
871242952596705280
871242956287741953
871242958770774016
871242987048767488
871243615447785472
871243790044069890
871243930414788608
871244415586582533
871244509333553152
871244519869730818
871244547761860609
871244779610284032
871245608497156096
871245630311739392
871245765972299776
871245817180565506
871246079672688641
871246174136786944
871246441057992704
871246532586196994
871246772915630081
871246896286883840
871247261908520960
871247560807247872
871247624514543616
871247735713910784
871247757637537792
871247932418338816
871247970422972416
871248328931061761
871248556430118912
871249123453714432
871249365897289728
871249451624652800
871249499355844609
871249688116080641
871249732454277120
871249925778100225
871250017373245444
871250024679845888
871250136340496384
871250313944190977
871250474024001536
871250523705442304
871250596199890945
871250697001488384
871250751166730240
871250768312979457
871251069061521409
871251189794578432
871251305167298561
871251308493328384
871251500848295936
871251676161875968
871251763063476224
871251775554236416
871251999777533954
871252463797403648
871252470395260928
871252608203272192
871252720384188416
871252867503591424
871253120524922880
871253155220254720
871253453099720706
871253820675948544
871253961130598400
871254042835644416
871254208476884992
871254282535927809
871254657531871232
871254793670467584
871254850964783104
871254935752540160
871255148277899264
871255266880364545
871255384140468224
871255548150390786
871255688445644800
871255700697214976
871255766652657664
871255885204656128
871256035041959937
871256207033606144
871256219956260864
871256383563472896
871256698689814528
871257006199291904
871257192749563904
871257241365729281
871257322215133184
871257343765434368
871257385750462464
871257505770459136
871257649127370753
871257690047172608
871257704727293952
871257872155500545
871257967664013313
871257988673273857
871258013620981760
871258098673078273
871258231141806080
871258351417655296
871258825088741376
871259086427500545
871259099723444224
871259358335774720
871259455694004225
871259706949603328
871260009992261632
871260228515500033
871260916842713088
871261298734059520
871261330031992832
871261489017085953
871261549050052608
871261650179043328
871261669254717440
871261755212795904
871261905171697664
871262213654360064
871262442470477824
871262701334474752
871262713535766529
871262930045726720
871263433865527297
871263643320582144
871263734173511680
871263746206957569
871263809616265217
871263896736342016
871264276576587778
871264398316326912
871264544911503361
871264591157788673
871264604411842564
871264709357568000
871264876907376641
871265054473285632
871265503959973889
871265545898741760
871266010069954560
871266248746782720
871266319408267264
871266732609986560
871266743083249665
871266837744545797
871266946511187972
871267212132311040
871267304935477248
871267383075373056
871267712332427264
871267829454188545
871267925382115329
871268052951863296
871268058085588993
871268214411362304
871268350130880512
871268949710819328
871269001955037186
871269028123348992
871269045248565249
871269095068635136
871269203659173888
871269324664836096
871269345858596864
871269525618130944
871269587811217408
871269654014025728
871269670321614848
871269776089378816
871270000941838336
871270974859227137
871270979066097664
871271004806541312
871271026516254720
871271229726093312
871271513323917312
871271523193061377
871271574690725892
871271761702248448
871272009052831746
871272098634887169
871272248723652612
871272573379760128
871272900619374596
871272961348653056
871273039924785152
871273060594089984
871273102268932096
871273228160966656
871273606910590978
871273645536096257
871273722837164032
871274024919326721
871274435147419649
871274525329154048
871274558849986561
871274624620810241
871274640169213952
871274911842664448
871274947355824128
871275134341988352
871275190537396224
871275262415130624
871275302529507328
871275610823413760
871275708219367424
871275880974340096
871276001170518016
871276534144704512
871276660091441152
871276769822822400
871276823329591296
871276942393315328
871277030859571200
871277105199403008
871277529482629120
871278064403140608
871278991918985216
871280203074547713
871280318686384128
871280447388610560
871280559061782529
871280610022756353
871280735272960000
871281033269972993
871281416939679745
871281483431821312
871281644753362944
871281691863678977
871281950425833472
871281995506221056
871282118244093952
871282229246386176
871282263975239680
871282273156567040
871282363359277058
871282474093084672
871282532364537856
871282732541849600
871282790754635776
871282880202276864
871282945444720640
871283087967236096
871283155700985856
871283239981371392
871283298949005312
871283317940899841
871283626436157440
871283831676043264
871284193266982912
871284361202724864
871284425933369344
871284482598473728
871284938133340160
871284954428301314
871285392875675648
871285645955788800
871285913963442176
871286328360669184
871286780775075840
871286911033380864
871287292861743104
871287476786257920
871287653026734080
871287744445788160
871287993285455872
871288375831146496
871288490864123908
871288661152858113
871288951637757952
871289084928561152
871289279363907584
871289513221513216
871289611699593216
871289700799197186
871289935864713216
871289999232290820
871290039426273280
871290099706847232
871290247207931904
871290317600940033
871290590809300992
871290767981129728
871290906464464896
871291382782193664
871291654585683969
871291663192403968
871291895653310466
871292198419132416
871292244090908672
871292256141160448
871292324684460037
871292572752326656
871292663139643393
871292684249571328
871292863023329280
871292967058784256
871293027326849027
871293252468703232
871293614474874882
871293823162482688
871294003286814720
871294024572862464
871294741475975168
871294980064673793
871295358982385665
871295374299992064
871295433552867329
871295624406339585
871296199411683328
871296697946841089
871296891358773248
871297281777119232
871298331007361024
871298464273051648
871299671347666945
871300064668471296
871300099070185473
871300697559515137
871300787409911808
871301068029931520
871301201790423040
871302147740139522
871302960428580864
871303062819921921
871303147255468032
871303247369207809
871303410443706368
871303549363392512
871303729693249536
871303894617477122
871303949705519104
871304697201790978
871304964206874624
871305056221614080
871305075850964992
871305652911689728
871305891865350144
871305982718115840
871306779161919488
871306893385502720
871307615917232129
871308127970394112
871308725033852928
871309468671381504
871310151944372224
871310548931137536
871311233990963200
871311758862036992
871312407418859520
871312985268080640
871313268433977345
871313501641375744
871313578971844609
871313803912368129
871314257689935872
871314668937256960
871315069447155713
871315185243488256
871315507793850368
871315912963608576
871315926821613568
871316432008749056
871316545632448516
871316547826061312
871317095505469440
871317178020245504
871317950506180608
871318048921321472
871319362552164352
871319501840805888
871319701263134720
871320172858048512
871321104794701824
871321230485356546
871321930237976576
871322136668975104
871324076782039040
871324821191147520
871325701487702017
871326693079879680
871326706082119681
871327196668862465
871327741802676224
871329312540110848
871329335285821440
871333009412280320
871333401797808129
871333947451392000
871334027256573952
871334408153944064
871335063706902528
871337825052045312
871337972481884160
871338143122948097
871339811021479936
871341456325259265
871341683534958592
871342241398366208
871342392204382208
871344270212571136
871344561087434752
871345383255011328
871345532492500992
871345928007036929
871346887516979200
871349263632150532
871349521170796544
871350193844834306
871350836810706944
871351171369365504
871352635437318144
871353555545980928
871355888447127556
871356139308560384
871356723222675456
871356964156166145
871357447721459714
871358524076568576
871358820458663936
871359302723919874
871359525550518272
871361375280349185
871362019617853440
871362203160412162
871363965648896001
871363983839768576
871365126707961856
871370282593902592
871371537017745409
871372751826825216
871373644940947456
871373864634384384
871374764643844102
871375376077008897
871375973165486081
871378121664147457
871381085778739205
871383689485332480
871386333108940800
871386476667424768
871386855505354752
871389775369994240
871391943674048513
871397474375573504
871398465758257154
871399622991851521
871399648807624704
871400255736119297
871400698289717248
871401181775581184
871404643632525313
871407396387684352
871408373341843457
871411195894317056
871412591440089090
871416064894054400
871418944682373121
871419897393405953
871422033661394946
871424569357119488
871424630489194496
871425373027917825
871428175930241025
871433012021428225
871433641943027712
871434321072095233
871434462126583809
871446688686362627
871449119633657857
871455204687962112
871456131926941696
871465787592245250
871470425146044419
871470994023731201
871472784081248256
871474784332394496
871475068609724421
871475167242964993
871483827058864129
871484047318552577
871484412394971140
871489173542375424
871492573004804096
871492680517287938
871503180328292354
871521207446900736
871523843705319428
871524777977978880
871533632158150656
871535764701667328
871535985238003713
871539970057674753
871542033026088961
871555583568228352
871556115636604933
871557868469833729
871559428973244416
871568124293853186
871574284820520960
871581767744008192
871594941142663168
871603674128273409
871627657913528320
871631779035136000
871643019258286081
871650132793716737
871653231360913408
871656091108745216
871659282349125632
871672807092092928
871676428164714498
871678480186040320
871695993196228610
871697403434463233
871704121379782657
871714147594944512
871716561219932160
871741907243806722
871743903346700289
871753729694982144
871754873959841793
871761609370333186
871764614459031552
871764988184145920
871803679015358465
871806935187820545
871812330568515585
871817255700574208
871839535574986752
871842000399630337
871852899650990082
924478554867367936
924756427532619777
924764220415201280
993177402443350021
993477860097691651
993548412971864064
994116942553337856
867021687241551874
867022033250652161
867023210268807169
867023559922565120
867024466353770497
867025226860834816
867025414757076992
867025795369271296
867027358922010624
867027784627085312
867028019948511232
867029656146505728
867029884886859777
867030342670176257
867030641715630080
867031099146330116
867032806634991620
867033196252340225
867033394181545984
867035070141517825
867035553816076288
867036061805006848
867036706213511168
867036924523012096
867037171735289856
867042381106958336
867042869282054146
867045983493992448
867050550638112769
867050761355702272
867050812014551040
867051183189438464
867054045466431488
867055562474668033
867057978880528384
867060440291037189
867061063354916867
867062685858488320
867063920472797186
867065124888117249
867070923509313537
867071695462342656
867073234998636544
867075003560456193
867076314012033024
867080156342517761
867084341834391553
867084535992811525
867085499529392129
867085554365718528
867085956054216705
867087413100859395
867088868063014912
867091986519556098
867093620062658562
867094015140868098
867097330243293184
867097768132833280
867100121502298113
867100928255684612
867103892357738496
867105370036154369
867107325223419904
867107459214835712
867107754862837761
867108401381339136
867111507997466625
867115644621377536
867117056189227008
867119541985447936
867123546102870016
867126875721793538
867130292217278464
867131055156940802
867135983518707712
867145016904368128
867146784002289664
867155191103205376
867166198030577664
871211932111560704
871212370533769216
871212902572736512
871214353479086080
871215458099363840
871216999837212673
871221128953384960
871222884227850240
871223748317384704
871224032347262978
871225932022816768
871229670389407744
871236611568173056
871236656057155584
871246818318979072
871247626456494081
871248023107579904
871250374723874816
871250564067332096
871251551708381184
871252866983440384
871259238982721536
871260931090776064
871261623356452864
871261878722363392
871266203926491136
871268681908670466
871273346893328384
871273724191834112
871274211700080640
871275271269253120
871276496077426688
871280405881786368
871281502159593472
871284759250567168
871287026989101057
871287874649542656
871287962390204416
871289644763230208
871290044983758848
871290287179563008
871290356893134848
871293075515158528
871295415194451968
871296785901334528
871297286378315776
871298925495541760
871300065398272000
871302651962695680
871305205714956288
871305344521293824
871310904503218178
871328107734589440
871331075632582656
871335279172431873
871337710929276928
871340582576193536
871340594811023360
871342572035297280
871346442861821952
871349440195551232
871354115598594049
871374056636899328
871387224172056576
871388019340849154
871394764427599873
871397447679049729
871399001601519616
871400064106844160
871403861008945152
871417654657007616
871419378084057088
871427303166812160
871437241817714689
871443962573316096
871462562923151362
871476344894476288
871481689754808321
871482466682499072
871484572659273728
871517894978490368
871553262327136256
871570299229044736
871660424676204545
871665354967265281
871669965228736512
871735187725582336
871753173777731584
871775391559675905
871816734369566721
871822740197707779
871868871279562753
